10000,10,1.9827,0.5979442596435547
10000,10,1.9791,0.6178102493286133
10000,10,2.0232,0.6573522090911865
10000,10,2.0556,0.622161865234375
10000,10,2.0421,0.6507086753845215
10000,10,2.0547,0.654106855392456
10000,10,2.0105999999999997,0.6834096908569336
10000,10,2.0259,0.6401269435882568
10000,10,2.0565,0.6291532516479492
10000,10,2.0105999999999997,0.6350588798522949
10000,10,2.0565,0.6454474925994873
10000,10,1.9953,0.6431105136871338
10000,10,1.9808999999999999,0.6571714878082275
10000,10,2.0295,0.6509904861450195
10000,10,2.0484,0.6471261978149414
10000,10,2.052,0.63454270362854
10000,10,2.0043,0.6449642181396484
10000,10,2.0214,0.6501779556274414
10000,10,1.998,0.6530859470367432
10000,10,2.0187,0.660524845123291
20000,10,2.0065500000000003,2.508626699447632
20000,10,2.0088,2.525404453277588
10000,100,1.5462,0.6463150978088379
10000,100,1.5777,0.7139174938201904
10000,100,1.5462,0.6899795532226562
20000,10,1.98945,2.599756956100464
10000,100,1.5479999999999998,0.694246768951416
10000,100,1.5633,0.6868069171905518
10000,100,1.5884999999999998,0.7025585174560547
10000,100,1.557,0.6856241226196289
20000,10,2.0331,2.630978584289551
10000,100,1.5272999999999999,0.7215948104858398
10000,100,1.5624,0.7399876117706299
10000,100,1.5345000000000002,0.6993515491485596
10000,100,1.5624,0.7000133991241455
20000,10,2.01465,2.6431126594543457
10000,100,1.5426,0.6875526905059814
10000,100,1.5606,0.6803529262542725
10000,100,1.5309,0.7021222114562988
20000,10,2.01825,2.6263110637664795
10000,100,1.5137999999999998,1.2729613780975342
10000,150,1.5075,1.2584662437438965
10000,100,1.5129,1.3148574829101562
10000,150,1.5507,1.3099567890167236
20000,10,2.03625,2.649374485015869
10000,100,1.4975999999999998,1.2855567932128906
10000,150,1.5335999999999999,1.3351707458496094
10000,100,1.5372000000000001,1.294309377670288
10000,150,1.5363,1.3558933734893799
20000,10,2.0340000000000003,2.6589415073394775
10000,100,1.5479999999999998,1.3018302917480469
10000,150,1.5066,1.368070363998413
10000,100,1.5192,1.285104751586914
10000,150,1.5354,1.3482332229614258
20000,10,2.01555,2.730400323867798
10000,150,1.5516,1.3510820865631104
10000,190,1.5183,1.2900750637054443
10000,150,1.5876000000000001,1.346567153930664
20000,10,2.02365,2.7610526084899902
10000,190,1.5624,1.364384412765503
10000,150,1.5255,1.371701955795288
20000,100,1.5444,4.916699647903442
10000,190,1.5677999999999999,1.3669912815093994
10000,150,1.53,1.3499484062194824
20000,10,2.0475,2.781118392944336
10000,190,1.5102,1.3871040344238281
10000,150,1.5354,1.3467438220977783
10000,190,1.5417,1.3323523998260498
10000,150,1.5156,1.3627963066101074
20000,10,2.0353499999999998,2.7479002475738525
10000,190,1.5183,1.3914711475372314
10000,150,1.5462,1.343698501586914
20000,100,1.5205499999999998,5.251022577285767
10000,190,1.5219,1.3905861377716064
10000,150,1.5768,1.373028039932251
20000,10,2.025,2.8076508045196533
10000,190,1.5309,1.3788518905639648
10000,150,1.5264,1.3343374729156494
10000,150,1.5147,1.303316593170166
10000,190,1.5246,1.3847107887268066
20000,10,2.0484,2.783447504043579
10000,150,1.5381,1.3389320373535156
10000,190,1.5174,1.3830389976501465
20000,100,1.54665,5.25992751121521
10000,150,1.5453,1.3388285636901855
10000,190,1.5201,1.365260362625122
20000,10,2.0303999999999998,2.750617742538452
10000,150,1.5677999999999999,1.3711214065551758
10000,190,1.4814,1.3585848808288574
10000,150,1.5417,1.3737692832946777
10000,190,1.5479999999999998,1.3721644878387451
20000,10,2.02455,2.7205357551574707
20000,100,1.5317999999999998,5.212362051010132
10000,190,1.5543,1.3886101245880127
10000,190,1.5552000000000001,1.380979299545288
20000,10,2.02725,2.8504347801208496
10000,190,1.5426,1.3921082019805908
20000,150,1.5462,5.161956071853638
10000,190,1.5192,1.3821377754211426
20000,100,1.4985000000000002,5.031660795211792
20000,10,2.0340000000000003,2.7326900959014893
10000,190,1.5345000000000002,1.3841068744659424
10000,190,1.5075,1.3725759983062744
20000,10,2.0277,2.783881902694702
10000,190,1.5066,1.398024559020996
20000,150,1.5219,5.474091291427612
20000,100,1.5457500000000002,5.313722133636475
20000,10,2.0412,2.778606653213501
20000,190,1.5246,5.269688367843628
20000,150,1.5345000000000002,5.27669095993042
20000,100,1.5651,5.173368692398071
30000,10,2.0436,6.189789533615112
20000,190,1.5165000000000002,5.526675701141357
20000,150,1.5255,5.362752676010132
20000,100,1.5354,5.393389940261841
30000,10,2.0289,6.325830459594727
20000,190,1.52145,5.35580039024353
20000,150,1.5309,5.293839454650879
20000,100,1.55025,5.4789323806762695
30000,10,2.0196,6.520761728286743
20000,190,1.53135,5.562069654464722
20000,150,1.55025,5.513734579086304
20000,100,1.557,5.391566276550293
20000,190,1.5457500000000002,5.5414605140686035
20000,150,1.53765,5.300419092178345
30000,10,2.0385,6.2659242153167725
20000,100,1.5561,5.432757139205933
20000,190,1.5277500000000002,5.578609943389893
20000,150,1.53405,5.590610980987549
30000,10,2.0124,6.270536184310913
20000,100,1.5381,5.2181994915008545
20000,190,1.53,5.570700407028198
20000,150,1.55205,5.328419208526611
20000,100,1.53585,5.703285455703735
30000,10,2.0309999999999997,6.448228120803833
20000,150,1.49985,5.628916025161743
20000,190,1.50075,5.737383842468262
20000,100,1.5390000000000001,5.474763870239258
30000,10,2.0244,6.847053050994873
20000,190,1.5277500000000002,5.428653955459595
20000,150,1.5624,5.6014392375946045
20000,100,1.55115,5.435474157333374
30000,10,2.0469,6.318302631378174
20000,150,1.5327000000000002,5.382106065750122
20000,190,1.5003,5.5956947803497314
20000,100,1.51785,5.300081253051758
30000,10,2.0094,6.584878206253052
20000,150,1.52955,5.349969387054443
20000,190,1.4994,5.694148063659668
20000,100,1.5439500000000002,5.528223752975464
20000,150,1.5282,5.324847459793091
20000,190,1.5417,5.6057288646698
30000,10,2.0238,6.492415428161621
20000,100,1.5565499999999999,5.263254880905151
20000,150,1.5426,5.5388877391815186
20000,190,1.5412500000000002,5.95131254196167
20000,100,1.52955,5.797309160232544
30000,10,2.0268,7.071630239486694
20000,150,1.55565,5.364755392074585
20000,100,1.5471,5.6069841384887695
20000,190,1.54305,5.7781829833984375
30000,10,2.0034,6.752965688705444
20000,150,1.53405,5.629810810089111
20000,190,1.5597,5.858330965042114
30000,10,2.007,6.964055776596069
20000,150,1.5057,5.390398979187012
20000,190,1.5012,5.615232944488525
30000,100,1.5276,11.935601711273193
20000,150,1.53495,5.5948522090911865
30000,10,2.0334000000000003,6.3450608253479
20000,190,1.5147,5.704596281051636
20000,150,1.53405,5.582561492919922
30000,10,2.0427,7.114229202270508
20000,190,1.5174,5.892109155654907
30000,100,1.5438,12.309844970703125
20000,190,1.5137999999999998,5.83966851234436
30000,10,2.0493,6.58556866645813
30000,150,1.5357,12.083338022232056
20000,190,1.5079500000000001,5.566015243530273
30000,10,2.043,6.268876314163208
30000,100,1.5579,12.125925064086914
30000,10,2.0268,6.463242530822754
30000,150,1.5351000000000001,12.277168035507202
30000,190,1.5455999999999999,12.416437864303589
30000,100,1.5510000000000002,12.004830837249756
30000,10,2.0463,6.644576072692871
30000,10,2.0553,6.324269771575928
30000,150,1.5507,12.369022369384766
30000,190,1.5296999999999998,11.976832151412964
30000,100,1.5651,12.250000715255737
40000,10,2.011725,12.338377952575684
30000,150,1.5387,12.439788579940796
30000,190,1.5131999999999999,12.349287986755371
30000,100,1.5357,11.941600561141968
40000,10,2.0166749999999998,11.994864225387573
30000,150,1.5561,12.358522176742554
30000,190,1.5186000000000002,12.500553369522095
30000,100,1.5375,12.46018385887146
40000,10,2.0151,12.096686840057373
30000,150,1.5432,12.6362783908844
30000,190,1.5546,12.593697547912598
30000,100,1.5195,11.657160758972168
40000,10,2.01915,12.00990080833435
30000,150,1.5378,12.460323095321655
30000,190,1.5317999999999998,12.575472354888916
30000,100,1.5497999999999998,12.443011283874512
40000,10,2.0376,11.881988286972046
30000,150,1.5479999999999998,12.464621543884277
30000,100,1.5468,12.02415418624878
30000,190,1.5267,12.46503472328186
40000,10,2.0378249999999998,12.318023204803467
30000,150,1.5432,13.187530279159546
30000,100,1.5537,12.19857406616211
30000,190,1.5378,13.059908151626587
40000,10,2.035125,11.681907415390015
30000,100,1.5834,11.964499473571777
30000,150,1.5152999999999999,13.050350666046143
30000,190,1.5333,12.478682279586792
40000,10,2.018475,11.859994411468506
30000,100,1.5588,12.20190143585205
30000,150,1.5141,12.517270565032959
30000,190,1.5219,12.551880598068237
40000,10,1.991025,12.263761758804321
30000,100,1.5414,12.223819732666016
30000,150,1.5057,12.754574537277222
30000,190,1.5063,12.822099685668945
40000,10,2.022075,13.141008138656616
30000,100,1.5246,12.05095887184143
30000,150,1.5399,12.667357683181763
30000,190,1.5276,12.492624282836914
40000,10,2.022075,12.011281490325928
30000,100,1.5390000000000001,12.35169768333435
30000,150,1.5576,12.576767206192017
30000,190,1.5558,12.758159875869751
40000,10,2.0286,12.502762079238892
30000,100,1.5473999999999999,12.517645120620728
30000,150,1.5408,12.74848198890686
30000,190,1.5314999999999999,12.605662107467651
40000,10,2.03895,12.310987949371338
30000,100,1.5444,12.364952802658081
30000,150,1.5537,13.24466872215271
30000,190,1.5267,12.842803478240967
40000,10,2.0241,12.565115451812744
30000,100,1.5471,12.427833557128906
30000,150,1.5327000000000002,12.30452036857605
30000,190,1.5246,12.791165828704834
40000,10,2.002725,12.237125873565674
30000,100,1.5204,12.160507917404175
30000,150,1.5345000000000002,13.0258207321167
30000,190,1.5423,12.677001237869263
40000,10,2.02545,12.526973009109497
30000,150,1.5252,12.737127780914307
30000,190,1.5534000000000001,13.271859645843506
40000,10,2.041875,12.55552864074707
40000,100,1.5457500000000002,21.95305323600769
30000,150,1.5363,12.447103500366211
30000,190,1.5204,12.381117582321167
40000,10,2.007675,13.167115211486816
30000,190,1.524,13.549252986907959
40000,100,1.531575,23.137943029403687
40000,10,2.023425,13.15199899673462
40000,150,1.49265,22.25885844230652
40000,10,2.025225,12.41440224647522
40000,190,1.53135,23.021780729293823
40000,100,1.535175,22.826133966445923
40000,150,1.513575,23.251416206359863
50000,10,2.01996,20.690346002578735
40000,190,1.502325,22.87627148628235
40000,100,1.545075,22.659419775009155
40000,150,1.535175,22.85002875328064
50000,10,2.0313,20.03715419769287
40000,190,1.5342749999999998,23.137927770614624
40000,100,1.546875,22.66292905807495
50000,10,2.02014,20.11972165107727
40000,150,1.523925,24.306811809539795
40000,100,1.5642,21.858590602874756
40000,190,1.521225,23.194411754608154
50000,10,2.01816,19.700270652770996
40000,150,1.515825,23.11376142501831
40000,100,1.5390000000000001,21.93443465232849
50000,10,2.0331,19.15810227394104
40000,190,1.5385499999999999,22.87480139732361
40000,150,1.5291,23.215256214141846
50000,10,2.03094,18.872254371643066
40000,100,1.567125,23.461408615112305
40000,190,1.522575,22.43288803100586
40000,150,1.5234750000000001,23.262565851211548
50000,10,2.02626,18.93699312210083
40000,100,1.53405,22.809194326400757
40000,190,1.537875,23.039597749710083
50000,10,2.02806,18.504632472991943
40000,150,1.5241500000000001,23.03820300102234
40000,100,1.5122250000000002,22.098992586135864
40000,190,1.5272999999999999,22.937676668167114
50000,10,2.01348,18.759599924087524
40000,150,1.5363,23.120245218276978
40000,100,1.5390000000000001,22.718067169189453
40000,190,1.52865,22.39725661277771
50000,10,2.016,18.782159328460693
40000,150,1.53045,23.173046827316284
50000,10,2.02572,18.277185201644897
40000,100,1.551825,22.84161353111267
40000,190,1.5302250000000002,23.511260271072388
40000,150,1.5309,23.754886627197266
50000,10,2.0246399999999998,20.93752408027649
40000,100,1.5381,22.885161638259888
40000,190,1.5387749999999998,23.520041465759277
40000,150,1.52145,23.776371955871582
50000,10,2.0340000000000003,19.55605912208557
40000,100,1.56465,22.76549768447876
40000,190,1.5228,22.86347794532776
50000,10,2.03994,19.722151041030884
40000,150,1.5473249999999998,23.529367923736572
40000,100,1.5633,22.34525179862976
40000,190,1.5255,23.90404176712036
50000,10,2.016,20.985644578933716
40000,150,1.546875,24.85897445678711
40000,100,1.53765,22.943296432495117
40000,190,1.5291,24.832835912704468
50000,10,2.03868,19.830778121948242
40000,150,1.5223499999999999,24.382907390594482
40000,100,1.5576750000000001,23.0170419216156
50000,10,2.01852,20.501599550247192
40000,190,1.509075,24.3510422706604
40000,150,1.532925,23.93262481689453
40000,100,1.5579,23.317079544067383
50000,10,2.00178,19.954779148101807
40000,190,1.525275,24.84899139404297
40000,150,1.5317999999999998,24.63767123222351
40000,100,1.525725,23.572011709213257
50000,10,2.0251799999999998,21.81771492958069
40000,190,1.522125,23.9423930644989
40000,150,1.52865,23.947535514831543
50000,10,2.00142,20.358484506607056
40000,100,1.5192,23.33692455291748
40000,190,1.50705,23.59217357635498
40000,150,1.5210000000000001,24.55669665336609
60000,10,2.04945,30.478383779525757
40000,190,1.51605,23.188251972198486
50000,100,1.54188,36.79785370826721
40000,150,1.5360749999999999,23.506179571151733
40000,190,1.5104250000000001,23.34916591644287
60000,10,1.9959,29.573800325393677
50000,100,1.5274800000000002,34.95970559120178
50000,150,1.5208199999999998,37.07950782775879
60000,10,2.0454,28.567893505096436
50000,190,1.52874,36.32716178894043
50000,100,1.54602,34.766653537750244
60000,10,2.0361000000000002,29.056206464767456
50000,150,1.5442200000000001,37.673532247543335
50000,190,1.5066,36.221049785614014
50000,100,1.55304,34.823384046554565
60000,10,2.03355,27.963024377822876
50000,150,1.5202799999999999,37.467939615249634
50000,190,1.51812,37.405266761779785
60000,10,2.04135,28.55281710624695
50000,100,1.55934,35.93396186828613
50000,150,1.53936,37.509737968444824
60000,10,2.0226,28.55879306793213
50000,190,1.5314400000000001,38.071144104003906
50000,100,1.55538,35.832133769989014
60000,10,2.019,28.260722160339355
50000,150,1.53954,37.85157537460327
50000,190,1.51272,36.6081817150116
50000,100,1.54782,34.91495060920715
60000,10,2.0217,27.79647183418274
50000,150,1.5550199999999998,36.924707889556885
50000,190,1.5204600000000001,37.92207980155945
50000,100,1.53504,35.86003828048706
60000,10,2.0094,28.539697885513306
50000,150,1.52334,37.4231858253479
60000,10,2.0277,28.822040796279907
50000,190,1.50318,38.097684383392334
50000,100,1.55826,36.25528168678284
60000,10,2.03985,27.502124547958374
50000,150,1.54764,37.27000904083252
50000,190,1.53108,37.400537729263306
50000,100,1.54044,36.15479564666748
60000,10,2.0193,27.922458171844482
50000,150,1.5235200000000002,37.548424243927
50000,190,1.5282,36.74880504608154
50000,100,1.53108,35.86086845397949
60000,10,2.02635,27.822892427444458
50000,150,1.54782,38.171143770217896
60000,10,2.0073,28.695558309555054
50000,100,1.5667200000000001,36.23559832572937
50000,190,1.51884,37.61340951919556
60000,10,2.0292,28.06504511833191
50000,150,1.53864,37.602418184280396
50000,100,1.53216,34.76566672325134
50000,190,1.5481800000000001,36.76952362060547
60000,10,2.0322,28.00877332687378
50000,150,1.52532,36.58403396606445
50000,100,1.5555599999999998,35.98974013328552
50000,190,1.53522,36.10590958595276
60000,10,2.0241,28.62367844581604
50000,150,1.5246,36.92476773262024
50000,100,1.52424,35.13865613937378
50000,190,1.51938,37.640191316604614
60000,10,2.03805,28.77700972557068
60000,10,2.0223,28.593594789505005
50000,100,1.5354,35.19509935379028
50000,150,1.53648,37.105135679244995
50000,190,1.53162,37.12628746032715
50000,100,1.56366,35.32664179801941
50000,150,1.53216,37.388338565826416
70000,10,2.0349,39.65691018104553
50000,190,1.5192,37.521249532699585
50000,100,1.53378,36.27175784111023
50000,150,1.52334,37.97567105293274
70000,10,2.0133,40.68404579162598
50000,190,1.5363,36.56185579299927
50000,100,1.5330599999999999,36.3187780380249
50000,150,1.53522,37.98547959327698
70000,10,2.0151,38.65899348258972
50000,190,1.5208199999999998,37.461750507354736
50000,100,1.54296,36.43852257728577
50000,150,1.52928,37.28605794906616
50000,190,1.54512,37.57799243927002
70000,10,2.0293714285714284,38.51588463783264
50000,150,1.53522,38.08963990211487
50000,190,1.50264,36.5191650390625
60000,100,1.55505,52.199453353881836
70000,10,2.0140714285714285,40.73354434967041
50000,150,1.52388,38.16219210624695
50000,190,1.52766,37.61524701118469
70000,10,2.026157142857143,39.671449422836304
60000,100,1.54845,51.99406099319458
70000,10,2.029242857142857,40.603485345840454
60000,150,1.54545,53.05041027069092
60000,190,1.51605,52.75831842422485
60000,100,1.5606,52.89393353462219
70000,10,2.0376,39.3320426940918
60000,150,1.5293999999999999,55.054882287979126
60000,190,1.5306,55.963181495666504
60000,100,1.5457500000000002,50.57996726036072
70000,10,2.0277,38.91145873069763
60000,150,1.52745,53.73583173751831
60000,190,1.5288,54.78779101371765
70000,10,2.0286,40.56182384490967
60000,100,1.5433499999999998,50.34918761253357
70000,10,2.022942857142857,38.56187725067139
60000,150,1.53465,55.11339855194092
60000,190,1.50165,53.25215816497803
60000,100,1.5481500000000001,52.72398352622986
70000,10,2.027442857142857,40.20907950401306
60000,150,1.5432,51.943824768066406
60000,190,1.5256500000000002,54.86322498321533
60000,100,1.55055,53.401302337646484
70000,10,2.0286,38.85228228569031
60000,150,1.5322500000000001,53.08607625961304
70000,10,2.0206285714285714,40.10459542274475
60000,190,1.53315,52.43085026741028
60000,100,1.53915,52.25288438796997
70000,10,2.043642857142857,39.56407427787781
60000,150,1.5195,53.522544145584106
60000,190,1.5039,54.634809494018555
60000,100,1.53195,53.50735592842102
70000,10,2.0283428571428574,39.594250202178955
60000,150,1.5250499999999998,51.28555130958557
60000,190,1.5219,54.58307385444641
60000,100,1.5339,55.14487409591675
70000,10,2.025,39.988346099853516
60000,150,1.5301500000000001,53.658952951431274
70000,10,2.026157142857143,39.753236055374146
60000,190,1.5210000000000001,53.61516737937927
60000,100,1.5465,51.00336527824402
70000,10,2.015228571428571,39.88685870170593
60000,150,1.5426,55.31260919570923
60000,190,1.52655,54.77755165100098
60000,100,1.545,52.564191579818726
70000,10,2.0283428571428574,37.76883816719055
60000,150,1.5288,53.49288821220398
60000,100,1.5406499999999999,51.27802324295044
60000,190,1.52985,54.48536396026611
80000,10,2.0174624999999997,50.732064962387085
60000,150,1.5468,52.3477828502655
60000,100,1.5427499999999998,54.05735778808594
60000,190,1.5201,54.504844427108765
80000,10,2.0275875,52.767313957214355
60000,150,1.5341999999999998,55.11451697349548
60000,100,1.5324,50.75429558753967
60000,190,1.5396,55.60725235939026
80000,10,2.040075,51.379653215408325
60000,150,1.5384,53.15758204460144
60000,100,1.5432,54.5537474155426
60000,190,1.52955,52.63245177268982
80000,10,2.032425,52.0545117855072
60000,150,1.5314999999999999,53.14728569984436
60000,100,1.55745,53.05900597572327
60000,190,1.5134999999999998,53.80846977233887
80000,10,2.0046375,52.158812046051025
60000,150,1.5343499999999999,51.33551239967346
60000,100,1.5277500000000002,53.21051287651062
60000,190,1.52625,53.02044343948364
80000,10,2.0316375,51.71579551696777
60000,150,1.5216,53.039551734924316
60000,100,1.5439500000000002,52.41348314285278
60000,190,1.5384,54.4274468421936
80000,10,2.024325,51.825347900390625
60000,150,1.5322500000000001,53.31247115135193
60000,100,1.5309,54.39458465576172
60000,190,1.53675,51.53500461578369
80000,10,2.0167875,51.97311592102051
60000,150,1.5463500000000001,54.69837236404419
60000,190,1.5202499999999999,54.3077712059021
80000,10,2.0179125,52.98318791389465
70000,100,1.5661285714285713,72.40966963768005
60000,150,1.53105,55.27511668205261
60000,190,1.53555,53.48493719100952
80000,10,2.0102625,51.70661163330078
70000,100,1.5354,69.90866684913635
80000,10,2.0190375,51.57769823074341
70000,150,1.545042857142857,75.3728358745575
70000,190,1.5129,72.97670364379883
70000,100,1.5644571428571428,72.42380404472351
80000,10,2.0199375,52.940762519836426
70000,150,1.5323142857142857,71.4935405254364
70000,190,1.5185571428571427,74.84615969657898
80000,10,2.031075,52.163721799850464
70000,100,1.544914285714286,72.7873363494873
70000,150,1.538357142857143,76.94575119018555
70000,190,1.5217714285714286,77.47390007972717
80000,10,2.0166749999999998,87.40468955039978
70000,100,1.5544285714285713,71.7245352268219
70000,150,1.5360428571428573,78.18756985664368
70000,190,1.5404142857142857,73.00582122802734
70000,100,1.5492857142857144,71.43531799316406
80000,10,2.0217375,100.67534065246582
70000,150,1.5334714285714286,77.79736828804016
70000,190,1.5172714285714286,77.73386001586914
70000,100,1.5317999999999998,72.8594868183136
70000,190,1.5364285714285715,40.51399564743042
70000,150,1.5139285714285713,73.8715603351593
80000,10,2.0197125,97.65411138534546
70000,190,1.5323142857142857,42.934526205062866
70000,100,1.5384857142857142,73.18532347679138
70000,190,1.5096857142857143,38.821497440338135
70000,150,1.5305142857142857,72.71137547492981
70000,100,1.5288428571428572,72.09195828437805
70000,190,1.5271714285714284,40.49743175506592
80000,10,2.0287124999999997,97.31517124176025
70000,190,1.5224142857142857,39.344887495040894
70000,150,1.5174,74.73352861404419
70000,100,1.5536571428571428,71.11450266838074
70000,190,1.5195857142857143,40.22066950798035
80000,10,2.013975,99.62025451660156
70000,190,1.5445285714285715,40.45807504653931
70000,150,1.5370714285714286,75.30392122268677
70000,100,1.5413142857142856,68.6113920211792
70000,190,1.5338571428571428,38.62241983413696
70000,190,1.5388714285714287,39.53627610206604
80000,10,2.0086875,97.8171284198761
70000,150,1.5282,75.74901342391968
70000,100,1.5471,71.27690315246582
70000,190,1.5240857142857145,39.04984402656555
70000,150,1.5436285714285713,72.58982110023499
70000,190,1.5176571428571428,39.40503406524658
70000,100,1.5392571428571427,72.42775344848633
80000,10,2.0280375,97.65913581848145
70000,190,1.5225428571428572,39.52709770202637
70000,150,1.519457142857143,74.94759273529053
70000,100,1.557642857142857,71.9027967453003
70000,190,1.5233142857142856,38.889487743377686
70000,190,1.5215142857142856,39.45026397705078
90000,10,2.0258000000000003,124.53308129310608
70000,100,1.5432428571428571,70.18598341941833
70000,150,1.5327000000000002,73.7060444355011
70000,190,1.5136714285714288,41.152045011520386
80000,190,1.535625,51.91113090515137
70000,100,1.544657142857143,71.80464673042297
70000,150,1.5167571428571427,75.15994119644165
80000,190,1.525725,52.29456901550293
90000,10,2.0161,122.216867685318
70000,100,1.5496714285714286,71.6803970336914
70000,150,1.5272999999999999,75.22595047950745
80000,190,1.519425,53.00727605819702
70000,100,1.5390000000000001,71.759113073349
80000,190,1.524375,53.21424627304077
70000,150,1.5333428571428571,75.42848420143127
90000,10,2.021,122.27992606163025
80000,190,1.5352875,52.47481155395508
70000,100,1.5366857142857142,71.46213936805725
70000,150,1.5438857142857143,71.76404094696045
80000,190,1.5276375000000002,52.31508445739746
70000,100,1.5523714285714287,70.97235918045044
90000,10,2.0367,124.76565790176392
70000,150,1.5346285714285712,74.61458373069763
80000,190,1.522125,51.26172232627869
80000,190,1.537875,51.745235204696655
70000,150,1.5185571428571427,73.20865225791931
80000,100,1.5322500000000001,92.33443093299866
80000,190,1.5224625,52.69541692733765
90000,10,2.0314,121.9001624584198
70000,150,1.5291,75.25598764419556
80000,190,1.5316874999999999,52.620317697525024
80000,100,1.550025,93.68671178817749
80000,190,1.5436125,51.607829093933105
90000,10,2.0303,122.67141890525818
80000,150,1.5377625,97.5538911819458
80000,100,1.5417,95.33018612861633
80000,190,1.5224625,51.24275088310242
80000,190,1.53045,52.6744909286499
80000,150,1.5348375,96.35677790641785
80000,100,1.550025,96.39693808555603
90000,10,2.0255,127.36360549926758
80000,190,1.5199875,53.292043924331665
80000,190,1.5211125,51.484538078308105
80000,150,1.5406875,99.11939692497253
80000,100,1.5474375,92.67581963539124
80000,190,1.5141375000000001,51.687063455581665
90000,10,2.0277,122.56085920333862
80000,190,1.5181874999999998,8102.393641710281
80000,150,1.5359625,8143.476283073425
80000,100,1.5584625,8140.00505900383
90000,10,2.028,8122.411952018738
80000,190,1.5303375000000001,44.56968665122986
90000,10,2.0292,57.08780264854431
80000,190,1.52325,46.58750367164612
80000,150,1.522575,85.78193736076355
80000,100,1.53765,81.53713274002075
80000,190,1.5319124999999998,44.08483672142029
90000,10,2.0229,56.97990441322327
80000,150,1.5352875,82.42162537574768
80000,100,1.5562125,78.71596217155457
90000,190,1.53,57.328895807266235
90000,10,2.0116,57.12925362586975
90000,190,1.5344,56.522545337677
80000,150,1.5260625,84.26210188865662
80000,100,1.5598125,83.25743675231934
90000,10,2.0289,59.436532974243164
90000,190,1.5248,56.81579661369324
90000,10,2.0224,58.36053919792175
80000,100,1.5481125000000002,81.3246078491211
80000,150,1.5327000000000002,85.58799600601196
90000,190,1.5324,60.31360602378845
90000,10,2.0242,59.64902353286743
90000,190,1.5259999999999998,60.93003988265991
80000,100,1.5343874999999998,86.02175855636597
80000,150,1.53405,87.48876094818115
90000,10,2.012,60.54033946990967
90000,190,1.5251,58.21657204627991
90000,10,2.0156,58.077513217926025
80000,100,1.5455249999999998,83.73633050918579
80000,150,1.5292124999999999,89.48430514335632
90000,190,1.5295,59.85805130004883
90000,10,2.0287,58.35214352607727
80000,100,1.5512625,83.62810802459717
90000,190,1.5226000000000002,59.67238521575928
80000,150,1.53045,85.09931111335754
90000,10,2.0201,62.13669395446777
90000,190,1.5293999999999999,60.50893473625183
80000,100,1.5625125,84.62307524681091
90000,10,2.0331,60.026087522506714
80000,150,1.5251625,86.94620537757874
90000,190,1.52,61.44565749168396
100000,10,2.02221,74.33220100402832
80000,100,1.5457500000000002,84.11843085289001
80000,150,1.5347250000000001,88.4037230014801
90000,190,1.5327000000000002,62.33485412597656
100000,10,2.00835,72.97201299667358
80000,100,1.5453,84.74403810501099
90000,190,1.5201,60.44659090042114
80000,150,1.5408,89.31154870986938
100000,10,2.0194199999999998,76.37939262390137
90000,190,1.518,63.81579566001892
80000,100,1.5474375,82.35984349250793
80000,150,1.5267374999999999,89.97215270996094
90000,190,1.5287000000000002,61.706992864608765
100000,10,2.04156,76.99680137634277
80000,100,1.5552000000000001,89.00429344177246
90000,190,1.5205000000000002,64.7004976272583
80000,150,1.5388875,90.8351366519928
100000,10,2.0241,76.46074676513672
90000,190,1.5183,61.07122206687927
80000,100,1.5481125000000002,89.85526323318481
100000,10,2.02959,77.34800100326538
80000,150,1.5431625,90.23101282119751
90000,190,1.5284000000000002,64.94523477554321
80000,100,1.5505875,89.46116423606873
100000,10,2.0273399999999997,76.47280144691467
90000,190,1.5235,64.61615920066833
80000,150,1.5305625,94.3536787033081
100000,10,2.01537,77.56916284561157
90000,190,1.5248,64.5962142944336
90000,100,1.5353,104.06606793403625
80000,150,1.528875,92.89808130264282
90000,190,1.5288,63.1586012840271
100000,10,2.03688,78.15341973304749
90000,100,1.5564,113.70871090888977
80000,150,1.5230249999999999,95.03113222122192
100000,190,1.5369300000000001,80.55627107620239
100000,10,2.02779,79.63471841812134
100000,190,1.5374700000000001,78.53234601020813
100000,10,2.01285,79.51299285888672
90000,100,1.5453,114.09970450401306
90000,150,1.5316,114.05456805229187
100000,190,1.53378,78.2200677394867
100000,10,2.02653,78.02615261077881
90000,100,1.5604,112.05422067642212
90000,150,1.5224,119.45078420639038
100000,190,1.5201,77.35981512069702
100000,10,2.00817,76.72311496734619
100000,190,1.52838,79.40237426757812
90000,100,1.5491000000000001,112.72617959976196
100000,10,2.02455,80.3062915802002
90000,150,1.5177,118.26044178009033
100000,190,1.53045,78.63090229034424
100000,10,2.03391,76.52502965927124
90000,100,1.5393000000000001,115.25146055221558
90000,150,1.5295,116.69593524932861
100000,190,1.52271,80.99529814720154
100000,10,2.02941,80.90953516960144
90000,100,1.5412000000000001,112.58438324928284
100000,190,1.52154,79.60201740264893
100000,10,2.0306699999999998,80.5799412727356
90000,150,1.541,116.37159562110901
100000,190,1.5424200000000001,78.2334520816803
100000,10,2.02392,78.21286201477051
90000,100,1.5447,111.92665433883667
90000,150,1.5479999999999998,119.56641960144043
100000,190,1.51722,79.83990168571472
100000,10,2.02446,79.9258885383606
90000,100,1.5558999999999998,116.6625862121582
100000,190,1.52271,77.64353728294373
100000,10,2.01681,79.65505003929138
90000,150,1.5346,117.50632429122925
100000,190,1.52883,79.03177738189697
90000,100,1.5418,113.14261484146118
110000,10,2.033181818181818,97.37472248077393
90000,150,1.5241,116.69940543174744
100000,190,1.5202799999999999,80.79489302635193
110000,10,2.018290909090909,97.52325224876404
90000,100,1.5629,112.75352787971497
100000,190,1.5201,79.82221031188965
90000,150,1.5347,122.91029739379883
110000,10,2.0113363636363637,98.99520659446716
90000,100,1.5414,109.04121947288513
100000,190,1.5314400000000001,80.17703652381897
90000,150,1.5385,121.8961808681488
100000,190,1.51884,79.08422994613647
110000,10,2.0329363636363635,97.69025659561157
90000,100,1.5364,113.91068720817566
100000,190,1.51821,80.38794994354248
90000,150,1.5356,118.92456436157227
110000,10,2.023690909090909,101.95467209815979
90000,100,1.5346,113.82572650909424
100000,190,1.51299,81.67404770851135
110000,10,2.0331,97.72561120986938
90000,150,1.5305,121.86415719985962
100000,190,1.5110999999999999,81.49959230422974
90000,100,1.5427,113.33066987991333
110000,10,2.0234454545454548,101.33848404884338
100000,190,1.53378,79.47051358222961
90000,150,1.5344,122.80867838859558
90000,100,1.5333,113.86500072479248
110000,10,2.0262272727272728,99.45049667358398
110000,190,1.5340090909090909,96.77978801727295
90000,150,1.5386,116.44815158843994
90000,100,1.5486,110.81607508659363
110000,10,2.030972727272727,100.90825057029724
110000,190,1.5441545454545453,100.07517552375793
90000,150,1.5396,123.72887825965881
90000,100,1.5449000000000002,110.66692399978638
110000,10,2.0219727272727273,103.50736236572266
110000,190,1.528609090909091,98.56216597557068
90000,150,1.5205000000000002,121.32172632217407
110000,10,2.0295,100.58255362510681
90000,100,1.533,120.73182535171509
110000,190,1.5192,99.73052740097046
110000,10,2.0280272727272726,101.19198966026306
110000,190,1.5370363636363635,97.43231797218323
90000,150,1.5363,119.4275631904602
90000,100,1.5577,117.8884539604187
110000,10,2.033590909090909,97.1614921092987
110000,190,1.5143727272727272,97.0332179069519
90000,150,1.5396999999999998,122.87540054321289
100000,100,1.5513299999999999,136.60858583450317
110000,10,2.0169,102.5035662651062
110000,190,1.5257454545454545,100.36081838607788
90000,150,1.5362,122.57331013679504
110000,10,2.020909090909091,101.1146342754364
110000,190,1.5264,99.27081322669983
100000,100,1.53738,142.7968451976776
90000,150,1.5262,119.15443181991577
110000,10,2.0218090909090907,97.20838618278503
110000,190,1.5353181818181818,100.53700590133667
100000,100,1.55142,141.6774833202362
110000,10,2.027372727272727,2735.878970861435
110000,190,1.5227181818181819,2733.412141084671
100000,150,1.53459,17728.135817050934
100000,100,1.54512,17730.370750904083
110000,10,2.032690909090909,15052.467671632767
110000,190,1.534909090909091,15058.852321863174
100000,150,1.53684,132.89632534980774
100000,100,1.54233,117.88992404937744
110000,190,1.5143727272727272,109.74461221694946
110000,10,2.042181818181818,160.40755987167358
100000,150,1.52793,151.88940024375916
100000,100,1.54224,129.64065599441528
110000,190,1.5377727272727273,131.7172453403473
100000,150,1.54611,96.63445687294006
100000,100,1.5427799999999998,92.54584527015686
110000,10,2.0311363636363637,190.34501004219055
100000,150,1.53288,97.70971298217773
100000,100,1.54305,93.63639831542969
110000,190,1.5197727272727273,180.6514401435852
100000,150,1.52802,94.30731582641602
100000,100,1.55169,96.61477732658386
120000,10,2.02965,203.8432319164276
100000,100,1.54755,80.89222121238708
100000,150,1.5444900000000001,109.70976066589355
110000,190,1.5306545454545453,174.8083655834198
120000,10,2.0309999999999997,114.48676753044128
100000,100,1.5424200000000001,79.45661664009094
100000,150,1.53891,135.90183186531067
100000,100,1.51767,77.7722692489624
110000,190,1.5289363636363638,168.55364656448364
120000,10,2.0244750000000002,117.23289179801941
100000,100,1.53567,76.57528185844421
100000,150,1.52037,143.53883385658264
100000,100,1.53441,122.39257550239563
110000,190,1.5227181818181819,210.74871110916138
120000,10,2.0175,240.7260947227478
100000,150,1.53045,145.25184416770935
100000,100,1.5330599999999999,144.91937613487244
110000,190,1.5158454545454545,226.7709400653839
100000,150,1.53162,184.5499141216278
100000,100,1.5522300000000002,143.44341373443604
120000,10,2.028375,274.66267824172974
100000,100,1.5443099999999998,160.47458934783936
100000,150,1.5500699999999998,196.24635529518127
110000,190,1.5143727272727272,225.5846049785614
120000,10,2.02425,274.10966396331787
100000,100,1.56087,195.96895360946655
100000,150,1.52379,201.0838406085968
110000,190,1.519118181818182,224.48264288902283
100000,100,1.54908,198.4729025363922
100000,150,1.52874,190.9139802455902
120000,10,2.022075,266.4895918369293
120000,190,1.5322500000000001,253.344140291214
100000,100,1.54071,181.12644243240356
100000,150,1.54134,184.90226197242737
120000,10,2.024625,271.08491826057434
120000,190,1.5290249999999999,212.40691685676575
100000,150,1.52496,169.14846777915955
110000,100,1.5454636363636365,223.06500697135925
100000,150,1.5222600000000002,152.15084385871887
120000,190,1.520775,205.32425618171692
120000,10,2.035875,277.5073211193085
110000,100,1.5437454545454545,231.7850387096405
100000,150,1.54296,145.56480407714844
120000,190,1.5261,203.58483743667603
100000,150,1.52118,164.47983932495117
120000,10,2.03355,244.14350652694702
110000,100,1.5417818181818181,231.20615220069885
120000,190,1.5213,206.97392964363098
100000,150,1.53072,206.21263575553894
120000,10,2.029275,208.6780252456665
110000,100,1.5501272727272726,213.03616499900818
120000,190,1.523925,204.50151586532593
120000,10,2.018625,207.8661117553711
110000,150,1.5354,228.98395323753357
110000,100,1.5516818181818182,224.2894697189331
120000,190,1.524675,210.06877160072327
120000,10,2.02215,207.8757631778717
110000,150,1.5296727272727273,244.9656503200531
110000,100,1.5402272727272728,213.82283401489258
120000,190,1.53585,205.18283557891846
120000,10,2.03325,206.3884208202362
110000,150,1.5467727272727272,239.30181503295898
110000,100,1.5397363636363635,227.77921080589294
120000,190,1.526175,210.92020082473755
120000,10,2.0241,204.97476434707642
110000,100,1.5470181818181818,225.50409746170044
120000,190,1.517325,204.49760150909424
110000,150,1.5300818181818183,240.4168860912323
120000,10,2.027025,205.7318515777588
120000,190,1.52655,203.6643099784851
110000,100,1.5495545454545456,224.50955605506897
110000,150,1.5228818181818182,245.23060512542725
120000,10,2.02635,199.6422348022461
120000,190,1.5165000000000002,208.49515867233276
110000,100,1.5479181818181817,221.1855707168579
110000,150,1.5333545454545454,228.94385957717896
120000,10,2.022,203.80558729171753
120000,190,1.527825,205.60979795455933
110000,100,1.5437454545454545,226.38814115524292
120000,10,2.0178000000000003,206.74746084213257
110000,150,1.5390818181818182,237.62253141403198
120000,190,1.528575,207.11729979515076
110000,100,1.5435818181818182,231.68151903152466
120000,10,2.031825,205.6608691215515
110000,150,1.5326181818181819,235.62798309326172
120000,190,1.5241500000000001,204.5717794895172
110000,100,1.5523363636363636,231.0069444179535
130000,10,2.034346153846154,240.8407745361328
110000,150,1.5305727272727272,244.07367944717407
120000,190,1.5248249999999999,199.4949345588684
110000,100,1.5441545454545453,211.47734332084656
110000,150,1.538018181818182,209.59304213523865
130000,10,2.0233384615384615,272.68716859817505
120000,190,1.537875,215.19571042060852
110000,100,1.539490909090909,212.3140823841095
110000,150,1.5271363636363637,174.02792501449585
120000,190,1.52115,212.57510805130005
130000,10,2.0277,253.19112610816956
110000,100,1.5444,227.30090761184692
110000,150,1.538018181818182,221.1035556793213
120000,190,1.5288,230.0216121673584
130000,10,2.033515384615385,245.4831464290619
110000,100,1.538181818181818,175.11116218566895
110000,150,1.535972727272727,212.8000295162201
120000,190,1.526325,256.9891893863678
130000,10,2.027769230769231,244.17656111717224
110000,100,1.549390909090909,222.8636565208435
110000,150,1.5402272727272728,186.07469725608826
110000,150,1.5336818181818181,174.25270819664001
110000,100,1.5427636363636366,233.88184905052185
130000,10,2.0260384615384615,253.3436689376831
130000,190,1.5246692307692309,315.48104071617126
110000,150,1.5363,181.8332486152649
110000,100,1.5462818181818183,239.3252718448639
130000,10,2.0188384615384614,235.7557713985443
110000,150,1.531309090909091,177.01545786857605
130000,190,1.526123076923077,329.1831820011139
110000,150,1.5396545454545454,175.90804266929626
130000,10,2.0284615384615385,246.13236236572266
120000,100,1.5412500000000002,267.7048923969269
110000,150,1.5426,181.49471282958984
130000,190,1.5258461538461536,309.7493517398834
130000,10,2.0151692307692306,253.32474851608276
120000,100,1.5501749999999999,264.3095529079437
110000,150,1.5417,169.75467157363892
130000,10,2.031853846153846,257.4582140445709
130000,190,1.5298615384615384,323.4210629463196
120000,100,1.554,257.7051899433136
120000,150,1.5347250000000001,201.96693921089172
120000,100,1.5463500000000001,197.6295244693756
120000,150,1.5460500000000001,214.67438864707947
130000,190,1.5292384615384615,314.64284110069275
130000,10,2.0273538461538463,322.1346333026886
120000,100,1.534875,201.00904154777527
120000,150,1.5322500000000001,203.48878359794617
130000,190,1.5240461538461538,317.20655131340027
130000,10,2.0233384615384615,338.58004808425903
120000,100,1.562925,241.0712435245514
120000,150,1.535925,211.43356466293335
120000,150,1.5296999999999998,223.30273389816284
130000,190,1.5408,279.5368392467499
120000,100,1.538475,270.7419273853302
130000,10,2.0232,291.89508295059204
120000,150,1.517475,214.00186252593994
120000,100,1.5432,249.79640913009644
130000,190,1.5106846153846154,301.16137433052063
130000,10,2.0229923076923075,269.34763646125793
120000,150,1.5264,244.83612537384033
120000,100,1.556025,242.33565378189087
130000,10,2.0338615384615384,304.90805077552795
130000,190,1.5284076923076921,322.1941270828247
120000,150,1.542375,212.10976791381836
120000,100,1.543725,222.94527959823608
120000,150,1.5339749999999999,217.4536736011505
130000,10,2.0234076923076922,285.8431751728058
130000,190,1.5349153846153847,284.4718813896179
120000,100,1.5471,259.3070287704468
120000,150,1.536,209.44562125205994
130000,10,2.015376923076923,293.80000400543213
130000,190,1.521553846153846,283.2563202381134
120000,100,1.534575,227.64175271987915
120000,150,1.5210000000000001,215.69459462165833
130000,190,1.5308307692307692,252.35430145263672
120000,100,1.5479249999999998,246.07118964195251
120000,150,1.525875,201.1171886920929
130000,10,2.0299846153846155,324.11226749420166
130000,190,1.5219,242.8519823551178
120000,150,1.5241500000000001,210.13175344467163
120000,100,1.56765,261.990993976593
130000,10,2.0115,332.88525772094727
120000,150,1.525875,201.54259395599365
130000,190,1.5251538461538463,246.58711004257202
120000,100,1.55385,272.86975479125977
120000,150,1.5396,207.5823495388031
130000,10,2.021123076923077,318.5017273426056
130000,190,1.5325615384615385,247.5932595729828
120000,100,1.542075,262.12977600097656
120000,150,1.5291,202.3683958053589
130000,190,1.5255,251.4472107887268
120000,150,1.52895,207.46460890769958
120000,100,1.5403499999999999,274.6548693180084
140000,10,2.0257714285714283,375.28376173973083
130000,190,1.5279230769230767,247.58711695671082
120000,150,1.5381,212.07605361938477
120000,100,1.5228,261.3625485897064
140000,10,2.0226214285714286,320.8738751411438
130000,190,1.5288923076923076,267.7445020675659
120000,150,1.5366,268.56158924102783
120000,100,1.540125,221.0220935344696
140000,10,2.04075,319.35679483413696
120000,100,1.544325,204.3473083972931
130000,190,1.5342923076923078,330.3693277835846
120000,150,1.53,285.89634799957275
140000,10,2.0298857142857143,310.89747762680054
130000,100,1.5343615384615383,301.81380891799927
130000,190,1.5363,253.78285312652588
130000,150,1.5252923076923077,304.1893365383148
140000,10,2.0343214285714284,291.24299454689026
140000,190,1.5231857142857144,279.60439467430115
130000,100,1.5432230769230768,309.179318189621
130000,150,1.5372000000000001,329.79603719711304
140000,10,2.0223642857142856,281.4294226169586
140000,190,1.5324428571428572,285.16671347618103
130000,100,1.5458538461538462,330.63685154914856
130000,150,1.5308307692307692,317.29239201545715
140000,10,2.015614285714286,289.72910499572754
140000,190,1.5222857142857142,315.0931751728058
130000,100,1.5507,299.83839774131775
130000,150,1.5273692307692308,302.2797303199768
140000,10,2.025,276.0137138366699
140000,190,1.526142857142857,288.0015814304352
130000,100,1.5487615384615385,291.17644214630127
130000,150,1.5160846153846153,301.9396815299988
140000,10,2.01915,301.00148940086365
140000,190,1.5258857142857143,293.06304955482483
130000,100,1.5554076923076923,298.45339584350586
130000,150,1.5246692307692309,317.08245182037354
140000,10,2.038885714285714,281.55446767807007
140000,190,1.5282,285.6138882637024
130000,100,1.5517384615384615,237.74988722801208
130000,150,1.5432923076923077,325.8192937374115
140000,10,2.02095,280.40433621406555
130000,100,1.5432923076923077,243.8882598876953
140000,190,1.5272357142857143,284.9501087665558
140000,10,2.0097,293.6113905906677
130000,150,1.5342923076923078,315.46132016181946
130000,100,1.5490384615384616,263.87518405914307
140000,190,1.5251142857142859,302.1594955921173
130000,150,1.5493846153846154,280.3394238948822
140000,10,2.0278285714285715,302.93121790885925
130000,100,1.5517384615384615,289.57219409942627
140000,190,1.5258214285714287,332.4642331600189
130000,100,1.5363,240.6859645843506
130000,150,1.5227307692307692,257.145290851593
140000,10,2.018442857142857,372.8555009365082
140000,190,1.534692857142857,350.6473093032837
130000,100,1.5309692307692309,241.15568161010742
130000,150,1.5399692307692305,240.62934565544128
130000,100,1.5532615384615385,252.33170413970947
130000,150,1.539553846153846,255.35915803909302
140000,190,1.5292285714285714,298.18464183807373
140000,10,2.025642857142857,393.4320387840271
130000,100,1.5399692307692305,270.14670872688293
130000,150,1.5300692307692307,275.887109041214
140000,190,1.521707142857143,329.2985088825226
140000,10,2.0420357142857144,340.3637843132019
130000,100,1.5486923076923076,295.7253384590149
130000,150,1.5225230769230769,301.0831799507141
140000,190,1.5354642857142857,283.2367193698883
140000,10,2.023907142857143,383.9815020561218
130000,100,1.5412153846153847,327.3650703430176
130000,150,1.5259846153846155,323.2791247367859
140000,190,1.5208714285714287,278.46567583084106
140000,10,2.026735714285714,360.1417610645294
140000,190,1.5343714285714287,290.2917306423187
130000,100,1.541353846153846,316.7585813999176
130000,150,1.5231461538461537,319.0950345993042
140000,10,2.0277,378.28724336624146
130000,100,1.5383769230769229,285.2612245082855
140000,190,1.5318642857142857,295.8649356365204
130000,150,1.5431538461538463,303.326425075531
130000,100,1.5516692307692308,295.6992361545563
130000,150,1.5381692307692307,259.39100646972656
140000,10,2.0135571428571426,331.47488164901733
140000,190,1.5230571428571429,336.96126675605774
130000,150,1.524323076923077,265.28672432899475
130000,100,1.5563076923076924,273.36340594291687
140000,190,1.5335357142857144,285.5226149559021
150000,10,2.0229,371.73795795440674
130000,150,1.532976923076923,284.0578067302704
140000,100,1.5508285714285714,335.78364634513855
140000,190,1.526657142857143,284.99596309661865
150000,10,2.02392,394.0788838863373
140000,150,1.5337285714285713,332.2291238307953
140000,100,1.54485,308.7587425708771
140000,190,1.5385499999999999,311.68115973472595
150000,10,2.02812,375.9167468547821
140000,150,1.5305142857142857,341.1299548149109
140000,100,1.5496714285714286,326.87051272392273
150000,190,1.53276,343.97910261154175
150000,10,2.02122,367.67809677124023
140000,150,1.5400285714285715,365.59085297584534
140000,100,1.5536571428571428,356.02341532707214
150000,190,1.52766,341.50257873535156
150000,10,2.02908,358.56253957748413
140000,100,1.5472285714285714,310.76986360549927
140000,150,1.5434357142857142,360.49948501586914
150000,190,1.5276,349.99160408973694
140000,100,1.5370714285714286,280.9555079936981
150000,10,2.01984,328.14379119873047
150000,190,1.52766,332.8709568977356
140000,150,1.5381,394.5434637069702
140000,100,1.5413785714285713,275.4149785041809
150000,10,2.0293200000000002,314.25142765045166
150000,190,1.5333,327.79448223114014
140000,150,1.5412500000000002,398.65114974975586
140000,100,1.5395142857142856,284.5060613155365
150000,10,2.02908,325.37854504585266
150000,190,1.51434,320.27668356895447
140000,100,1.5522428571428573,281.37228536605835
140000,150,1.530835714285714,381.11196422576904
150000,10,2.0301,322.49182510375977
150000,190,1.5166199999999999,374.15291595458984
140000,100,1.5465857142857142,319.19506192207336
140000,150,1.5382928571428574,369.4672830104828
150000,10,2.02596,332.70294547080994
150000,190,1.52136,329.2864258289337
140000,100,1.537842857142857,364.11891984939575
150000,10,2.0230799999999998,334.1328229904175
140000,150,1.5353357142857142,389.71314787864685
150000,190,1.5319800000000001,331.08586525917053
140000,100,1.555842857142857,378.10658073425293
150000,10,2.0193600000000003,330.84846448898315
140000,150,1.5238285714285715,331.08066606521606
150000,190,1.51854,404.97496724128723
140000,100,1.5385499999999999,322.73317670822144
150000,10,2.0229,354.2570900917053
140000,150,1.53675,354.2403426170349
150000,190,1.53012,359.68418431282043
140000,100,1.5449785714285715,324.04200530052185
150000,10,2.01216,381.96191930770874
140000,150,1.5321214285714286,362.32971954345703
140000,100,1.5345642857142856,289.6086337566376
150000,190,1.5228,324.45618653297424
150000,10,2.03292,329.94414710998535
140000,100,1.5356571428571428,282.60529351234436
140000,150,1.5350785714285715,392.01404881477356
150000,190,1.51464,328.18488931655884
150000,10,2.0288399999999998,328.6557755470276
140000,100,1.5452357142857143,278.1000633239746
140000,150,1.5301928571428571,375.76245379447937
150000,190,1.52388,366.1919376850128
140000,100,1.5384214285714284,281.6362612247467
150000,10,2.01618,320.4197609424591
140000,150,1.5220285714285715,372.9491307735443
140000,100,1.5351428571428571,288.4594838619232
150000,190,1.52658,408.6049962043762
150000,10,2.02902,350.733824968338
140000,150,1.5408,342.30573868751526
140000,100,1.5435,292.77732396125793
150000,190,1.51452,383.4222333431244
150000,10,2.02452,369.3048629760742
140000,150,1.53135,352.5092701911926
150000,100,1.55298,338.0736472606659
150000,190,1.53696,323.6250538825989
150000,10,2.02836,373.18521523475647
140000,150,1.5305785714285716,306.00410771369934
150000,100,1.5562799999999999,399.81198143959045
150000,190,1.5168000000000001,321.27316784858704
160000,10,2.026575,354.57663893699646
140000,150,1.5347571428571427,283.62382555007935
150000,190,1.52088,340.69474267959595
150000,100,1.5461399999999998,431.6386504173279
140000,150,1.5272357142857143,295.30465292930603
160000,10,2.0170125,366.7297875881195
150000,190,1.5234,331.6318712234497
150000,150,1.53126,332.74009132385254
150000,100,1.54764,440.55722522735596
160000,10,2.0291625,370.85608530044556
160000,190,1.5233625000000002,354.292387008667
150000,150,1.5341999999999998,360.7385699748993
150000,100,1.5424200000000001,367.44364047050476
160000,10,2.01616875,366.39221358299255
150000,150,1.5252,328.15263199806213
160000,190,1.528425,456.2364046573639
150000,100,1.5528000000000002,319.6464424133301
160000,10,2.01178125,400.93779253959656
150000,150,1.52286,349.05666399002075
160000,190,1.5225187500000001,369.5919277667999
150000,100,1.5430800000000002,359.8057186603546
160000,10,2.0227500000000003,360.37364888191223
150000,100,1.54782,307.0257623195648
160000,190,1.51948125,391.420334815979
150000,150,1.52682,428.0342001914978
160000,10,2.02528125,356.6053376197815
150000,100,1.56126,347.4790244102478
150000,150,1.53444,398.59427547454834
160000,190,1.52319375,439.4764528274536
160000,10,2.04125625,376.84293603897095
150000,100,1.54602,400.5263702869415
150000,150,1.53342,333.42167139053345
160000,190,1.5339375,394.45388293266296
160000,10,2.0206125,395.11873269081116
150000,100,1.5445200000000001,375.51673221588135
150000,150,1.5367199999999999,363.24350237846375
160000,190,1.5274124999999998,414.4713227748871
160000,10,2.0262937500000002,404.8435900211334
150000,100,1.5418200000000002,359.94016194343567
150000,150,1.5419399999999999,415.187974691391
160000,190,1.5310125,382.74795031547546
160000,10,2.02100625,405.5811891555786
150000,100,1.5491400000000002,379.99830317497253
150000,150,1.53294,349.9883162975311
160000,10,2.0232,371.2239799499512
160000,190,1.5244875,475.46450304985046
150000,150,1.5276,345.856960773468
150000,100,1.55508,409.57046389579773
160000,10,2.030175,379.90897250175476
160000,190,1.52994375,478.45877623558044
150000,150,1.5384,408.66787457466125
150000,100,1.52898,407.24589943885803
160000,10,2.020725,406.53510570526123
150000,150,1.53078,349.4008140563965
160000,190,1.5282562499999999,426.5829679965973
150000,100,1.53834,403.0681428909302
150000,150,1.53318,353.63998675346375
160000,10,2.02325625,479.27995681762695
160000,190,1.5294375,374.8108205795288
150000,100,1.54542,426.8960528373718
150000,150,1.5335999999999999,364.1081368923187
160000,10,2.0304562500000003,420.98146533966064
160000,190,1.5175125,419.73189544677734
150000,100,1.545,358.07535123825073
150000,150,1.5399,355.1159698963165
150000,100,1.53684,333.75244402885437
160000,10,2.02995,455.5115795135498
160000,190,1.5238125,446.7329638004303
150000,150,1.5356400000000001,425.86587738990784
150000,100,1.54326,331.13618516921997
160000,190,1.53,442.27603101730347
160000,10,2.02528125,469.6199691295624
150000,150,1.5306,297.5591096878052
160000,100,1.5465375000000001,281.47757840156555
160000,190,1.5262875,227.71555638313293
150000,150,1.5411,206.6068458557129
160000,10,2.03124375,367.948264837265
160000,100,1.55041875,337.1280734539032
160000,190,1.5251625,232.56298756599426
150000,150,1.53738,188.67176342010498
160000,190,1.5330375,226.51850724220276
160000,150,1.5310125,221.20951533317566
160000,10,2.03158125,365.44450998306274
160000,100,1.5456374999999998,345.3856279850006
160000,190,1.5341624999999999,240.439838886261
160000,150,1.5289875,247.60810661315918
170000,10,2.0287588235294116,402.9583706855774
160000,100,1.5476625,386.4893465042114
160000,150,1.5234750000000001,254.13485956192017
160000,190,1.52915625,266.07985067367554
170000,10,2.010335294117647,275.8169538974762
160000,150,1.532925,257.53625774383545
170000,190,1.5278823529411762,283.2879869937897
160000,100,1.5451875,379.4066846370697
170000,10,2.017058823529412,272.5278663635254
160000,150,1.53050625,273.06517481803894
170000,190,1.5293117647058823,289.64313650131226
160000,100,1.5417,314.4625644683838
170000,10,2.0311411764705882,365.4168736934662
160000,150,1.5283125,365.88001322746277
170000,190,1.5342352941176471,328.6820909976959
160000,100,1.5453,287.6563515663147
170000,190,1.523435294117647,324.7719509601593
170000,10,2.0200235294117648,375.7029414176941
160000,100,1.5467625,281.8140616416931
160000,150,1.5387187500000001,353.83962297439575
160000,100,1.5352875,293.80739307403564
160000,150,1.53045,302.4423496723175
170000,10,2.030929411764706,372.73870182037354
170000,190,1.5330705882352942,390.3444285392761
160000,100,1.5413062499999999,305.38647174835205
170000,10,2.028705882352941,334.7959544658661
160000,150,1.53331875,408.83638405799866
170000,190,1.5293117647058823,474.7100031375885
160000,100,1.55548125,281.54471707344055
160000,150,1.5322500000000001,333.23177886009216
170000,10,2.020976470588235,507.781188249588
160000,100,1.54074375,372.2952690124512
170000,190,1.5354529411764704,553.2270975112915
160000,150,1.53781875,441.5980725288391
160000,100,1.5526125000000002,315.7866904735565
170000,10,2.021664705882353,379.14018082618713
160000,150,1.53601875,327.8263809680939
160000,100,1.5379875,293.61138367652893
170000,190,1.5322764705882352,470.6713228225708
170000,10,2.017694117647059,458.40723872184753
160000,100,1.54546875,288.307199716568
170000,190,1.5216882352941177,323.6321086883545
160000,150,1.53736875,433.2844614982605
160000,100,1.541925,283.4367823600769
170000,10,2.027170588235294,407.4358549118042
170000,190,1.5195705882352941,484.10563492774963
160000,150,1.53050625,452.267555475235
160000,100,1.5411374999999998,280.77086782455444
170000,10,2.0197588235294117,338.0861129760742
170000,190,1.5361411764705883,398.08258175849915
160000,100,1.54693125,377.10587334632874
160000,150,1.5363,444.1179826259613
170000,10,2.0188058823529413,358.99679827690125
160000,100,1.5469875,333.22548508644104
170000,10,2.0319882352941177,343.70588660240173
170000,190,1.5245470588235295,430.0100665092468
160000,150,1.53703125,419.7696068286896
160000,100,1.5550312499999999,238.70867919921875
170000,10,2.0254235294117646,269.83483242988586
170000,190,1.5255529411764706,352.0390796661377
170000,100,1.5442411764705881,252.13249444961548
160000,150,1.52533125,398.7199683189392
170000,10,2.0251058823529413,259.86563754081726
170000,190,1.5314823529411765,259.2738401889801
170000,100,1.5404294117647057,263.0241572856903
170000,10,2.0161058823529414,266.05066299438477
160000,150,1.538325,391.22731614112854
170000,190,1.5395294117647058,259.9645013809204
170000,100,1.537094117647059,250.45366621017456
170000,10,2.018964705882353,260.96378993988037
170000,190,1.5240176470588236,302.7576069831848
170000,100,1.5348176470588235,268.98494124412537
160000,150,1.544175,384.73461270332336
170000,10,2.028705882352941,261.5817015171051
170000,100,1.5410117647058825,254.1301383972168
170000,10,2.0254764705882353,264.6232500076294
170000,190,1.5225882352941176,459.5175447463989
160000,150,1.526625,415.33769130706787
170000,100,1.5475235294117649,260.80601024627686
180000,10,2.0321000000000002,288.2628092765808
170000,100,1.5499588235294117,261.68563532829285
170000,190,1.5395823529411765,454.10673689842224
170000,150,1.526929411764706,443.589989900589
180000,10,2.0197499999999997,297.33202481269836
170000,100,1.5479999999999998,260.63455176353455
170000,190,1.5309529411764706,357.2304389476776
170000,150,1.5330705882352942,357.6613872051239
170000,100,1.5498529411764705,267.58435463905334
180000,10,2.03105,379.87458086013794
170000,190,1.530794117647059,253.82793712615967
170000,150,1.5261882352941176,293.8456313610077
180000,10,2.02615,299.5563111305237
170000,100,1.5409058823529411,434.4127459526062
170000,150,1.5404294117647057,282.1972806453705
180000,10,2.0226,334.91893792152405
180000,190,1.52895,520.7075417041779
170000,150,1.5230117647058825,332.5911090373993
170000,100,1.5419117647058824,455.795551776886
180000,190,1.527,362.22599482536316
180000,10,2.02615,451.4158627986908
170000,100,1.5399529411764705,361.23485231399536
170000,150,1.5393176470588235,417.85648918151855
180000,190,1.5301500000000001,402.8870906829834
180000,10,2.03195,402.0050151348114
170000,100,1.5347647058823528,476.42053604125977
170000,150,1.5324352941176471,490.3890528678894
180000,190,1.52705,414.4983985424042
180000,10,2.0189,438.92844128608704
170000,150,1.540058823529412,431.99387431144714
170000,100,1.5391058823529413,497.9863991737366
180000,190,1.53295,365.647997379303
180000,10,2.01835,485.91280245780945
180000,190,1.5322500000000001,399.5880184173584
170000,150,1.5218470588235293,481.97507309913635
170000,100,1.540058823529412,485.07852435112
180000,10,2.03035,344.48123931884766
170000,150,1.5289941176470587,1708.326508283615
170000,100,1.553294117647059,1753.6273167133331
180000,10,2.02745,1764.849980354309
180000,190,1.5259500000000001,1989.9998955726624
170000,100,1.5402176470588236,308.4059512615204
170000,150,1.5250764705882354,388.2589178085327
180000,10,2.0356,338.9394760131836
170000,100,1.5550411764705883,293.7857151031494
180000,190,1.5250499999999998,610.896008014679
180000,10,2.0322,374.2634813785553
170000,150,1.530370588235294,564.6122677326202
170000,100,1.5416470588235294,325.9576082229614
