10000,10,2.0196,0.4360778331756592
10000,10,2.0124,0.4550662040710449
10000,10,2.0232,0.4615478515625
10000,10,2.0205,0.46662259101867676
10000,10,2.0376,0.4651641845703125
10000,10,1.9881000000000002,0.47646498680114746
10000,10,2.0565,0.47255849838256836
10000,10,2.0178000000000003,0.45896315574645996
10000,10,2.0259,0.47530627250671387
10000,10,2.0358,0.46551084518432617
10000,10,1.9944,0.4635481834411621
10000,10,2.0196,0.46512842178344727
10000,10,2.0322,0.4604339599609375
10000,10,2.052,0.4555675983428955
10000,10,2.025,0.46771931648254395
10000,10,2.0115,0.473097562789917
10000,10,1.9836,0.468308687210083
10000,10,2.0016,0.46719813346862793
10000,10,2.0484,0.4688694477081299
10000,10,1.9917,0.461057186126709
20000,10,2.04435,1.8090097904205322
20000,10,2.02545,1.8563458919525146
20000,10,2.0151,1.7895052433013916
20000,10,2.0268,1.7836785316467285
20000,10,2.0511,1.803088903427124
20000,10,2.00745,1.8334193229675293
20000,10,2.0394,1.831998586654663
10000,100,1.5732000000000002,0.5112245082855225
10000,100,1.5327000000000002,0.5287222862243652
10000,100,1.5435,0.540217399597168
10000,100,1.5695999999999999,0.5348351001739502
20000,10,1.9926000000000001,1.933774471282959
10000,100,1.5759,0.5326457023620605
10000,100,1.5462,0.5479388236999512
10000,100,1.5633,0.5509932041168213
20000,10,2.02635,1.9751067161560059
10000,100,1.5534000000000001,0.5367417335510254
10000,100,1.5417,0.540501594543457
10000,100,1.5183,0.5435380935668945
10000,100,1.5741,0.5430841445922852
20000,10,2.0079,1.9265763759613037
10000,100,1.5174,0.536674976348877
10000,100,1.6128,0.5357646942138672
10000,100,1.5174,0.5387036800384521
10000,100,1.5614999999999999,0.5416207313537598
20000,10,2.00025,1.9360368251800537
10000,100,1.5453,0.5353307723999023
10000,100,1.5147,0.5410957336425781
10000,100,1.5507,0.5426626205444336
20000,10,2.02365,1.9617798328399658
10000,100,1.5390000000000001,0.5419971942901611
10000,100,1.5237,0.5441741943359375
20000,10,2.0178000000000003,2.009214162826538
20000,100,1.5381,2.029116153717041
20000,10,2.0097,2.00846529006958
20000,100,1.5524999999999998,2.0635621547698975
20000,10,2.0218499999999997,1.9867608547210693
20000,100,1.5363,2.071885585784912
20000,10,2.0196,1.9319367408752441
20000,100,1.5732000000000002,2.0658724308013916
20000,10,2.05605,1.9387109279632568
10000,150,1.5552000000000001,0.5544281005859375
20000,100,1.5534000000000001,2.1317403316497803
10000,150,1.5264,0.5883674621582031
20000,10,2.00835,2.0442514419555664
10000,150,1.5228,0.5892059803009033
10000,150,1.5219,0.6148586273193359
10000,150,1.5255,0.6078193187713623
20000,100,1.5192,2.249661922454834
10000,150,1.5462,0.6123239994049072
20000,10,2.0416499999999997,2.1259915828704834
10000,150,1.5272999999999999,0.6139247417449951
10000,150,1.5741,0.6130683422088623
20000,100,1.5479999999999998,2.2844672203063965
10000,150,1.5156,0.5888283252716064
20000,10,2.0115,2.075075626373291
10000,150,1.5092999999999999,0.5983822345733643
10000,150,1.5272999999999999,0.587780237197876
10000,150,1.5345000000000002,0.5805644989013672
20000,100,1.56465,2.2067577838897705
10000,150,1.5435,0.5837688446044922
10000,150,1.5021,0.5942916870117188
10000,150,1.5057,0.5982162952423096
10000,150,1.5462,0.5926313400268555
20000,100,1.5075,2.210756778717041
10000,150,1.53,0.5928897857666016
30000,10,2.0202,4.600461006164551
10000,150,1.5363,0.5961689949035645
10000,150,1.5614999999999999,0.6010026931762695
10000,150,1.5003,0.5943965911865234
20000,100,1.5614999999999999,2.260085344314575
20000,150,1.53675,2.180495262145996
20000,100,1.5524999999999998,2.2471745014190674
30000,10,2.0523000000000002,4.679791212081909
20000,150,1.53495,2.183109998703003
20000,100,1.5435,2.200944185256958
20000,150,1.5462,2.2758078575134277
10000,190,1.4904,0.6071112155914307
20000,100,1.56825,2.2480947971343994
10000,190,1.5219,0.6399023532867432
30000,10,2.0451,4.6977009773254395
10000,190,1.5543,0.6354541778564453
10000,190,1.5561,0.6409127712249756
20000,150,1.54485,2.253366231918335
20000,100,1.57455,2.270819902420044
10000,190,1.5228,0.6531116962432861
10000,190,1.5021,0.6320216655731201
10000,190,1.5129,0.6332182884216309
10000,190,1.5237,0.6279306411743164
20000,150,1.5601500000000001,2.3065733909606934
20000,100,1.53495,2.313000440597534
10000,190,1.5471,0.6345129013061523
10000,190,1.4930999999999999,0.6407742500305176
30000,10,2.0309999999999997,4.880373239517212
10000,190,1.5246,0.6338577270507812
20000,150,1.55385,2.2889022827148438
20000,100,1.5561,2.3141918182373047
10000,190,1.5372000000000001,0.6500771045684814
10000,190,1.5272999999999999,0.6581923961639404
10000,190,1.5579,0.6537351608276367
10000,190,1.5147,0.6509113311767578
20000,150,1.5272999999999999,2.283221483230591
20000,100,1.5417,2.319941759109497
10000,190,1.5543,0.6494059562683105
10000,190,1.5183,0.6518640518188477
30000,10,2.0217,4.803790330886841
10000,190,1.4957999999999998,0.6380126476287842
20000,150,1.5597,2.399379253387451
10000,190,1.5147,0.6681728363037109
20000,100,1.55205,2.4837021827697754
10000,190,1.5894000000000001,0.6444268226623535
20000,150,1.5174,2.3828792572021484
20000,100,1.54845,2.4026882648468018
20000,190,1.51875,2.333373546600342
30000,10,2.0013,4.966975688934326
20000,150,1.5250499999999998,2.3416807651519775
20000,100,1.5399,2.4127767086029053
20000,190,1.5282,2.355745315551758
20000,150,1.51695,2.4401049613952637
20000,190,1.51065,2.3791158199310303
30000,10,2.0181,4.964804649353027
20000,150,1.5354,2.3512895107269287
20000,190,1.5552000000000001,2.3710849285125732
30000,100,1.5579,5.1650612354278564
20000,150,1.53045,2.338773727416992
20000,190,1.5390000000000001,2.3801794052124023
20000,150,1.55295,2.3896920680999756
30000,10,2.0202,4.95353102684021
20000,190,1.5462,2.4163970947265625
30000,100,1.5293999999999999,5.17562198638916
20000,150,1.53675,2.301913022994995
20000,190,1.485,2.383723497390747
20000,150,1.49445,2.3278138637542725
30000,10,2.0337,4.980668544769287
20000,190,1.48455,2.4012322425842285
30000,100,1.5396,5.1615071296691895
20000,150,1.5457500000000002,2.390007972717285
20000,190,1.51965,2.395397901535034
20000,150,1.5223499999999999,2.358639717102051
30000,10,2.04,4.960069179534912
20000,190,1.51695,2.4170539379119873
30000,100,1.5582,5.209419012069702
20000,150,1.5210000000000001,2.383058547973633
20000,190,1.5457500000000002,2.437466859817505
20000,150,1.5345000000000002,2.396951913833618
30000,10,2.0187,4.98091983795166
20000,190,1.5439500000000002,2.5141987800598145
30000,100,1.5528000000000002,5.20707368850708
20000,190,1.5322500000000001,2.425205945968628
30000,150,1.5339,5.1567487716674805
30000,10,2.0133,5.0041069984436035
20000,190,1.52955,2.4490294456481934
30000,100,1.5524999999999998,5.32353663444519
20000,190,1.5385499999999999,2.457150936126709
30000,150,1.5372000000000001,5.253534317016602
20000,190,1.5272999999999999,2.479792833328247
30000,10,2.049,5.118337154388428
30000,100,1.5288,5.31698751449585
20000,190,1.5205499999999998,2.526857852935791
30000,150,1.5399,5.141605615615845
20000,190,1.53585,2.4736783504486084
30000,10,2.0559,5.123247861862183
20000,190,1.5453,2.426713466644287
30000,100,1.5701999999999998,5.472327947616577
20000,190,1.5156,2.5050644874572754
30000,150,1.5414,5.409673690795898
30000,10,2.0507999999999997,5.144022226333618
30000,100,1.5375,5.300777435302734
30000,190,1.5234,5.335458755493164
30000,150,1.5375,5.277730941772461
30000,10,2.0301,5.1337974071502686
30000,100,1.5429,5.400234222412109
30000,10,2.0184,5.174026012420654
30000,150,1.5408,5.3112757205963135
30000,190,1.5246,5.528468608856201
30000,100,1.5663,5.356887578964233
30000,10,2.0271,5.183926343917847
30000,150,1.5455999999999999,5.340384244918823
30000,190,1.5654,5.454864501953125
30000,100,1.5357,5.379044055938721
30000,10,2.01,5.17824649810791
30000,150,1.5198,5.364514589309692
30000,190,1.5423,5.413919448852539
30000,100,1.5441,5.436240196228027
30000,10,2.0139,5.17411994934082
30000,150,1.5462,5.544840574264526
30000,190,1.5306,5.4397132396698
30000,100,1.5429,5.41982102394104
30000,150,1.5465,5.381598949432373
30000,190,1.5137999999999998,5.513650178909302
40000,10,2.022075,9.200116872787476
30000,100,1.5399,5.413674831390381
30000,150,1.5447,5.519279956817627
30000,190,1.5272999999999999,5.617138147354126
30000,100,1.5672,5.7289814949035645
30000,150,1.5504000000000002,5.634100914001465
30000,190,1.5003,5.867632150650024
40000,10,2.0322,9.56195616722107
30000,100,1.5483,5.637710094451904
30000,150,1.5327000000000002,5.638438701629639
30000,190,1.5459,5.729455947875977
30000,100,1.5680999999999998,5.583618879318237
40000,10,2.0178000000000003,9.71439266204834
30000,150,1.5272999999999999,5.761415481567383
30000,190,1.5144000000000002,5.871749401092529
30000,100,1.5435,5.921117782592773
30000,150,1.5621,5.907659530639648
30000,190,1.5516,6.034300327301025
30000,100,1.5363,5.963500499725342
40000,10,1.998,10.253522872924805
30000,150,1.5510000000000002,5.913335084915161
30000,190,1.5438,6.199082374572754
30000,150,1.5204,6.047576189041138
30000,190,1.5351000000000001,6.218005657196045
40000,100,1.5335999999999999,10.86297607421875
40000,10,2.031975,13.69192624092102
30000,150,1.5099,6.3312623500823975
30000,190,1.5195,6.359209775924683
30000,150,1.5288,6.471514463424683
40000,100,1.5482250000000002,11.244908332824707
30000,190,1.5465,6.485681056976318
30000,150,1.5384,6.28331732749939
30000,190,1.5285,6.329201936721802
40000,100,1.55835,11.334996461868286
40000,10,2.0169,19.94071364402771
30000,190,1.5324,6.610025405883789
40000,150,1.5457500000000002,11.260732889175415
30000,190,1.5110999999999999,6.607657432556152
40000,100,1.5455249999999998,11.5861656665802
30000,190,1.5309,6.5291359424591064
40000,150,1.547775,11.609886169433594
40000,10,2.0286,20.471317768096924
30000,190,1.5150000000000001,6.82292103767395
40000,100,1.5464250000000002,11.08948040008545
40000,150,1.5363,11.871492862701416
40000,190,1.5205499999999998,11.822368383407593
40000,100,1.546875,11.699923515319824
40000,150,1.529325,11.70011854171753
40000,10,2.0328749999999998,20.728081941604614
40000,190,1.514925,12.377059698104858
40000,100,1.54755,12.842379331588745
40000,150,1.53495,12.400134801864624
40000,190,1.54665,12.185660123825073
40000,100,1.5403499999999999,11.358083724975586
40000,10,2.0227500000000003,20.850675106048584
40000,150,1.5165000000000002,12.060700416564941
40000,100,1.5659999999999998,11.995934247970581
40000,190,1.54935,12.156251192092896
40000,150,1.5642,12.651648998260498
40000,100,1.545975,12.938170194625854
40000,190,1.536975,13.190419673919678
40000,10,2.018475,21.26641845703125
40000,150,1.528425,12.640877485275269
40000,100,1.5363,12.255100011825562
40000,190,1.544625,12.036298513412476
40000,150,1.521225,12.961093425750732
40000,10,2.0376,20.935554265975952
40000,190,1.53495,12.54372501373291
40000,100,1.54935,12.889930486679077
40000,150,1.544175,12.012043476104736
40000,190,1.525725,11.989779710769653
40000,100,1.542375,11.840465307235718
40000,10,2.040975,21.022987365722656
40000,150,1.5435,12.72157907485962
40000,190,1.5248249999999999,12.321941375732422
40000,100,1.5473249999999998,12.415640115737915
40000,150,1.5527250000000001,12.160152196884155
40000,100,1.55385,11.710010528564453
40000,190,1.532475,12.254692316055298
40000,10,2.0315250000000002,21.773856163024902
40000,150,1.52145,11.892295360565186
40000,100,1.5565499999999999,11.983527421951294
40000,190,1.54215,11.87920880317688
40000,150,1.535175,12.15685749053955
40000,100,1.5590249999999999,11.669459581375122
40000,190,1.5403499999999999,11.837159872055054
40000,10,2.009925,21.3679678440094
40000,150,1.52865,11.74249005317688
40000,100,1.576125,11.96401071548462
40000,190,1.54845,11.571195602416992
40000,150,1.5322500000000001,12.169558048248291
40000,10,2.012625,20.581222772598267
40000,100,1.5516,12.02137565612793
40000,190,1.520325,13.193999767303467
40000,150,1.551375,12.082266569137573
40000,100,1.5534000000000001,12.22353982925415
40000,190,1.535175,11.890486478805542
40000,10,2.00565,21.23294949531555
40000,150,1.5272999999999999,12.494134187698364
40000,190,1.5259500000000001,12.30817723274231
50000,100,1.53126,18.447318077087402
40000,150,1.523925,11.912589311599731
40000,190,1.5291,12.141016721725464
40000,10,2.038275,21.888258934020996
40000,150,1.5360749999999999,12.915403842926025
40000,190,1.5342749999999998,12.417683362960815
50000,100,1.5462,19.96489715576172
40000,10,2.02815,21.612602949142456
40000,190,1.5385499999999999,12.788059711456299
50000,150,1.54494,19.453949213027954
50000,100,1.53522,19.312963485717773
40000,190,1.5147,12.160282850265503
40000,10,2.043,21.799925565719604
50000,150,1.52928,19.758325815200806
50000,100,1.55448,19.307799100875854
50000,190,1.50678,20.658020734786987
50000,150,1.53108,20.136199474334717
40000,10,2.0034,21.946991443634033
50000,100,1.5330599999999999,19.098254203796387
50000,190,1.53522,21.04952883720398
50000,150,1.53486,20.889325857162476
50000,100,1.55358,21.56418514251709
50000,190,1.5291,20.25767683982849
50000,10,2.0120400000000003,33.683680057525635
50000,150,1.52298,20.653139114379883
50000,100,1.5332400000000002,19.340417861938477
50000,190,1.5534000000000001,20.027811288833618
50000,150,1.54224,22.07071304321289
50000,100,1.54224,21.046921253204346
50000,10,2.0370600000000003,35.2829167842865
50000,190,1.5534000000000001,19.96176767349243
50000,150,1.52874,20.3339900970459
50000,100,1.54728,21.218164443969727
50000,190,1.52712,19.998839855194092
50000,10,2.04228,35.552111864089966
50000,150,1.53972,22.056087255477905
50000,100,1.52568,21.777864933013916
50000,190,1.54314,20.89206862449646
50000,150,1.5147,19.96858310699463
50000,100,1.52928,20.73477530479431
50000,190,1.53594,20.653820991516113
50000,10,2.03742,34.599934101104736
50000,150,1.5325199999999999,21.04854130744934
50000,100,1.5609600000000001,20.075218677520752
50000,190,1.50516,19.819743394851685
50000,150,1.5435,20.269789695739746
50000,100,1.5382799999999999,20.300665855407715
50000,190,1.51758,19.62862539291382
50000,10,2.01006,35.08990216255188
50000,150,1.53216,19.19925808906555
50000,100,1.5427799999999998,18.573580026626587
50000,190,1.5309,19.474958658218384
50000,150,1.5317999999999998,19.719969749450684
50000,100,1.54782,19.466700315475464
50000,10,2.0313,36.321144580841064
50000,190,1.50876,19.506163597106934
50000,150,1.5247799999999998,19.105111598968506
50000,100,1.53432,18.87485694885254
50000,190,1.5183,19.86435604095459
50000,150,1.53126,18.71679973602295
50000,100,1.5399,18.716377019882202
50000,10,2.0251799999999998,34.846410036087036
50000,190,1.53126,19.863322257995605
50000,150,1.53774,19.08418369293213
50000,100,1.5543,19.028273820877075
50000,190,1.52334,19.34065866470337
50000,150,1.53972,18.70710325241089
50000,10,2.0120400000000003,35.38296556472778
50000,100,1.56582,19.291959762573242
50000,190,1.54008,20.097764492034912
50000,150,1.5278399999999999,19.464014530181885
50000,100,1.55052,19.32219958305359
50000,190,1.5291,21.313063144683838
50000,10,2.02968,35.287339210510254
50000,150,1.5435,20.692038536071777
50000,190,1.5319800000000001,19.91613245010376
60000,100,1.5457500000000002,29.76888632774353
50000,150,1.53288,19.868586778640747
50000,190,1.52406,19.781949758529663
50000,10,2.03346,35.256553411483765
60000,100,1.5513,30.16848373413086
60000,150,1.5534000000000001,30.796187162399292
50000,190,1.53864,21.02543878555298
50000,10,2.03634,31.440078735351562
60000,100,1.5320999999999998,30.71570134162903
60000,190,1.53345,30.332488536834717
60000,150,1.53765,37.049567222595215
50000,10,2.0196,31.20017647743225
60000,100,1.5565499999999999,31.08169937133789
60000,190,1.5393000000000001,29.460143089294434
60000,150,1.5465,32.369298696517944
50000,10,2.03184,37.300291538238525
60000,100,1.53195,32.791043281555176
60000,190,1.53315,32.42516613006592
60000,150,1.5492,31.66974973678589
60000,100,1.5531000000000001,29.721959829330444
50000,10,2.0232,36.16631555557251
60000,190,1.53525,29.63566541671753
60000,150,1.51485,31.36897563934326
60000,100,1.53975,30.243561029434204
50000,10,2.04462,35.38955807685852
60000,190,1.5375,31.324125289916992
60000,150,1.5489,28.851086139678955
60000,100,1.5547499999999999,29.341819047927856
60000,190,1.5228,29.508920431137085
50000,10,2.01132,35.40308213233948
60000,150,1.5402,28.93361735343933
60000,100,1.5479999999999998,28.495816230773926
60000,190,1.53795,29.260143280029297
60000,150,1.5219,28.571726322174072
50000,10,1.998,36.59508490562439
60000,100,1.5432,28.40238356590271
60000,190,1.5309,28.877979278564453
60000,150,1.5181499999999999,27.482590913772583
50000,10,2.0345400000000002,35.17310690879822
60000,100,1.5504000000000002,28.362209796905518
60000,190,1.5158999999999998,28.54564905166626
60000,150,1.53405,28.196521282196045
60000,100,1.5181499999999999,28.359192848205566
50000,10,2.0061,35.465742349624634
60000,190,1.51305,28.479973793029785
60000,150,1.5296999999999998,28.77138352394104
60000,100,1.5504000000000002,28.374961376190186
60000,190,1.53795,28.77858304977417
50000,10,2.01546,34.56783437728882
60000,150,1.5549000000000002,27.496827840805054
60000,100,1.5357,28.982223987579346
60000,190,1.51125,29.436099767684937
60000,150,1.53675,28.107945680618286
60000,100,1.5675,28.31238603591919
60000,10,2.0247,51.45952343940735
60000,190,1.51905,28.60586667060852
60000,150,1.5372000000000001,28.11668610572815
60000,100,1.52655,28.221575498580933
60000,150,1.5320999999999998,27.68731427192688
60000,190,1.5186000000000002,29.072908878326416
60000,10,2.0292,49.59317946434021
60000,100,1.5418500000000002,28.539714813232422
60000,150,1.5252,28.085477352142334
60000,190,1.5186000000000002,28.649232387542725
60000,100,1.563,28.003636360168457
60000,150,1.53945,28.871596336364746
60000,190,1.52925,28.703786373138428
60000,10,2.02095,52.837817907333374
60000,100,1.5497999999999998,28.42927837371826
60000,150,1.53285,29.089442014694214
60000,190,1.5267,29.784045457839966
60000,100,1.542,28.791816473007202
60000,150,1.5483,28.485135555267334
60000,190,1.53825,27.719963788986206
60000,10,2.0235,51.758461236953735
70000,100,1.546457142857143,37.1343309879303
60000,150,1.5436500000000002,28.140549182891846
60000,190,1.5267,28.592406272888184
60000,190,1.5412500000000002,28.8873028755188
60000,10,2.02365,53.261152029037476
70000,100,1.5625285714285715,38.35808968544006
70000,150,1.528457142857143,38.984342098236084
70000,190,1.5447857142857144,39.33162021636963
70000,100,1.546842857142857,38.80777311325073
70000,150,1.5354,38.81436514854431
60000,10,2.0244,51.817378520965576
70000,190,1.5342428571428572,38.57587933540344
70000,100,1.5462,38.12813329696655
70000,150,1.5215142857142856,38.76529932022095
60000,10,2.03685,52.57050275802612
70000,190,1.5127714285714284,40.14588952064514
70000,100,1.549542857142857,38.76155924797058
70000,150,1.527942857142857,39.10176157951355
70000,190,1.5325714285714287,39.10321259498596
60000,10,2.0166,53.308862924575806
70000,100,1.544914285714286,39.126994132995605
70000,150,1.5454285714285714,39.25777006149292
70000,190,1.5225428571428572,38.11936020851135
70000,100,1.5530142857142857,39.18948006629944
70000,150,1.5195857142857143,38.05871558189392
60000,10,2.02095,53.373552560806274
70000,190,1.5257571428571428,40.45602059364319
70000,100,1.5527571428571427,39.29393649101257
70000,150,1.5377142857142856,39.03846311569214
60000,10,2.02875,52.84962344169617
70000,190,1.5274285714285714,40.39864468574524
70000,100,1.5293571428571429,38.94829225540161
70000,150,1.5193285714285716,38.95331788063049
70000,100,1.5607285714285715,38.30126118659973
70000,190,1.5219,38.81445097923279
60000,10,2.0217,52.27070760726929
70000,150,1.5306428571428572,39.24640703201294
70000,190,1.5220285714285715,38.59719705581665
70000,100,1.5550714285714287,39.023515701293945
70000,150,1.5188142857142857,38.6499125957489
60000,10,2.01615,51.91988396644592
70000,100,1.5366857142857142,38.47032022476196
70000,190,1.5147,40.9768271446228
70000,150,1.5392571428571427,38.186248540878296
60000,10,2.0157000000000003,51.74901819229126
70000,100,1.5442714285714285,39.59286665916443
70000,190,1.5377142857142856,41.27119469642639
70000,150,1.5297428571428573,38.82736921310425
60000,10,2.0331,49.7064688205719
70000,100,1.5395142857142856,38.905884981155396
70000,150,1.524857142857143,38.43719673156738
70000,190,1.523442857142857,39.869024991989136
70000,100,1.5505714285714287,39.12453556060791
70000,150,1.5303857142857142,38.80311989784241
70000,190,1.5325714285714287,40.80420899391174
60000,10,2.0136000000000003,51.83573317527771
70000,100,1.5451714285714284,37.72147083282471
70000,150,1.53,38.63592839241028
70000,190,1.5184285714285712,38.728336811065674
60000,10,2.0208,51.59670376777649
70000,100,1.5494142857142859,39.44428038597107
70000,150,1.5154714285714286,38.29607152938843
70000,190,1.5343714285714287,39.13422441482544
70000,100,1.5579,39.119213819503784
60000,10,2.01555,53.40998578071594
70000,150,1.5274285714285714,37.878544330596924
70000,190,1.5384857142857142,39.706921339035034
70000,100,1.540542857142857,39.11357045173645
70000,150,1.5365571428571427,38.7054283618927
70000,190,1.5127714285714284,40.72059106826782
60000,10,2.0324999999999998,51.784884214401245
70000,100,1.5522428571428573,39.83926272392273
70000,150,1.5282,38.526487827301025
70000,190,1.5099428571428573,39.14139533042908
60000,10,2.0241,53.07486653327942
70000,150,1.5314142857142858,38.74076747894287
70000,190,1.5473571428571429,39.922133922576904
80000,100,1.5445125,52.39806771278381
60000,10,2.02545,51.501952171325684
70000,190,1.5210000000000001,38.49600863456726
80000,150,1.5414750000000002,51.53516459465027
80000,100,1.5382125,53.41712927818298
80000,190,1.5231375,50.63450312614441
80000,150,1.5360749999999999,51.23706769943237
70000,10,2.0180571428571428,68.7015733718872
80000,100,1.5505875,51.81412410736084
80000,190,1.5094124999999998,51.577812910079956
80000,150,1.5429374999999999,51.706751108169556
80000,100,1.5535125,52.75408053398132
70000,10,2.023457142857143,72.80255103111267
80000,190,1.5455249999999998,50.39753484725952
80000,150,1.516275,50.8401985168457
80000,100,1.5418125,51.01398468017578
70000,10,2.0223,68.43748211860657
80000,190,1.525725,50.881839990615845
80000,150,1.5276375000000002,51.14635133743286
80000,100,1.5658874999999999,51.58828520774841
80000,190,1.5321375000000002,50.30412697792053
80000,150,1.5314625,50.97784924507141
70000,10,2.0275714285714286,72.9663598537445
80000,100,1.550025,51.601112365722656
80000,190,1.5297749999999999,50.472604751586914
80000,150,1.5316874999999999,51.146018743515015
80000,100,1.5462,51.26383066177368
70000,10,2.0350285714285716,69.0398588180542
80000,190,1.521675,50.53792190551758
80000,150,1.5289875,52.276206254959106
80000,100,1.5435,51.470807790756226
80000,190,1.5302250000000002,51.51542639732361
80000,150,1.52325,51.085394620895386
70000,10,2.015357142857143,73.35655784606934
80000,100,1.5403499999999999,51.606786489486694
80000,190,1.533825,50.49829936027527
80000,150,1.5241500000000001,51.098188638687134
80000,100,1.5350625,52.809287548065186
70000,10,2.0212714285714286,68.91727447509766
80000,190,1.5337125,52.3371467590332
80000,150,1.5410249999999999,51.087252616882324
80000,100,1.551375,50.77615213394165
70000,10,2.016257142857143,73.96581482887268
80000,190,1.520775,52.44466829299927
80000,150,1.5248249999999999,53.467955350875854
80000,100,1.5562125,55.55807685852051
80000,190,1.53405,53.313064098358154
80000,150,1.5317999999999998,57.19675898551941
70000,10,2.040685714285714,74.4827208518982
80000,100,1.542375,59.12815022468567
80000,190,1.5312375,52.9373619556427
80000,150,1.5361875,54.81688475608826
80000,100,1.549575,52.521095514297485
70000,10,2.0086714285714287,69.46348452568054
80000,190,1.5217875,51.17930817604065
80000,150,1.525725,51.4487030506134
80000,100,1.541925,51.71749210357666
80000,190,1.5346125000000002,52.59789514541626
70000,10,2.035157142857143,71.72424674034119
80000,150,1.5280875,52.35665488243103
80000,100,1.5327000000000002,52.66071963310242
70000,10,2.029757142857143,40.526007413864136
80000,190,1.5485625,51.17082405090332
80000,150,1.5413625000000002,54.54224419593811
70000,10,2.0403000000000002,40.33333921432495
80000,100,1.5444,53.87142753601074
80000,190,1.5317999999999998,52.67742991447449
80000,150,1.54755,53.39731049537659
70000,10,2.0275714285714286,38.858930587768555
80000,100,1.5552000000000001,53.391377687454224
80000,190,1.5197625,53.146373987197876
70000,10,2.0383714285714287,38.80929636955261
80000,150,1.5332625,52.99074172973633
80000,100,1.5456374999999998,53.79865312576294
70000,10,2.023714285714286,40.254589319229126
80000,190,1.535175,53.27843642234802
80000,150,1.5310125,55.51730823516846
80000,190,1.5414750000000002,52.57057857513428
90000,100,1.55,70.13399028778076
70000,10,2.0199857142857143,64.49405670166016
90000,150,1.5356,69.04836821556091
90000,190,1.5277,67.94558644294739
90000,100,1.5453,68.01335263252258
70000,10,2.0266714285714285,72.18183159828186
90000,150,1.5375999999999999,65.64578580856323
90000,190,1.5209,65.02772855758667
90000,100,1.5407,66.31882381439209
70000,10,2.0197285714285713,70.31659507751465
90000,150,1.5291,64.63440465927124
90000,190,1.5308000000000002,67.71428227424622
90000,100,1.5523,68.60672879219055
70000,10,2.0437714285714286,70.1619610786438
90000,150,1.5219,66.84030413627625
90000,190,1.5219,66.08298683166504
90000,100,1.532,67.47349977493286
90000,150,1.5367,64.85924506187439
80000,10,2.033775,93.24607920646667
90000,190,1.5259,66.5372371673584
90000,100,1.546,67.69994616508484
90000,150,1.5357999999999998,64.88402366638184
90000,190,1.5401,65.93360018730164
80000,10,2.02545,93.6358151435852
90000,100,1.5341,66.89660811424255
90000,150,1.5189000000000001,63.93473148345947
90000,190,1.5226000000000002,66.48286414146423
90000,100,1.5481,67.6395788192749
90000,150,1.5365,63.64981746673584
80000,10,2.010375,90.48695302009583
90000,190,1.5247000000000002,66.27739453315735
90000,100,1.5407,66.24758338928223
90000,150,1.5442,65.27732729911804
80000,10,2.0086875,90.98994040489197
90000,190,1.5304,65.71083092689514
90000,100,1.5539,68.12484860420227
90000,150,1.5352,64.68508386611938
90000,190,1.533,65.87166929244995
80000,10,2.0345625,89.10455203056335
90000,100,1.5541,67.80069637298584
90000,150,1.5367,65.82117176055908
90000,190,1.5354,65.31119084358215
90000,100,1.554,64.49997067451477
90000,150,1.5195999999999998,64.52825284004211
80000,10,2.0368125,89.93000388145447
90000,190,1.5125000000000002,66.15572714805603
90000,100,1.5539,66.09024047851562
90000,150,1.533,65.52490520477295
80000,10,2.0313,92.40673661231995
90000,190,1.5286,64.72629976272583
90000,100,1.5418999999999998,67.77473545074463
90000,150,1.541,65.22190737724304
90000,190,1.5327000000000002,64.69180846214294
90000,100,1.5537999999999998,65.79472017288208
90000,150,1.5324,65.41639375686646
80000,10,2.0143125,92.1606092453003
90000,190,1.5418999999999998,65.74466061592102
90000,100,1.555,67.29460263252258
90000,150,1.5307,65.3793044090271
80000,10,2.0350125,91.47402095794678
90000,190,1.5231000000000001,64.73925685882568
90000,100,1.5563,65.45123314857483
90000,150,1.5288,66.17254304885864
90000,190,1.5473000000000001,65.22212958335876
80000,10,2.02365,92.81814312934875
90000,100,1.5428,65.94994807243347
90000,150,1.5431,65.73135137557983
90000,190,1.5378999999999998,66.27677202224731
90000,100,1.5453,63.79985570907593
90000,150,1.5388000000000002,64.61753463745117
80000,10,2.0403000000000002,88.67198991775513
90000,190,1.5351000000000001,65.37937426567078
90000,100,1.5433000000000001,68.2208559513092
90000,150,1.5339,66.27896785736084
80000,10,2.03445,90.26112222671509
90000,190,1.5296,65.3303701877594
100000,100,1.53504,79.9869532585144
100000,150,1.52469,81.13884925842285
100000,190,1.54503,82.50041890144348
80000,10,2.02545,89.40113759040833
100000,150,1.5385499999999999,8134.242203712463
100000,100,1.5381,8143.210318803787
80000,10,2.027025,8105.39909529686
80000,10,2.02455,40.36348915100098
100000,150,1.5272999999999999,68.76802587509155
100000,190,1.51983,8169.557817220688
80000,10,2.0307375,43.02298092842102
100000,100,1.5507,124.02973055839539
100000,150,1.53207,69.90242862701416
80000,10,2.0347875,42.83740568161011
80000,10,2.0359125000000002,42.44425559043884
100000,190,1.51875,126.80888533592224
100000,150,1.52928,69.89691495895386
80000,10,2.02815,42.30101680755615
100000,100,1.55205,127.23144459724426
80000,10,2.0341125,43.66274547576904
100000,150,1.5388199999999999,71.71694445610046
90000,10,2.0257,55.99798846244812
100000,190,1.5309,126.76749920845032
100000,150,1.5219900000000002,71.37190580368042
90000,10,2.0162,58.046645641326904
100000,100,1.5467400000000002,128.5815567970276
100000,150,1.5264900000000001,74.8332622051239
90000,10,2.0268,57.70981502532959
100000,190,1.52325,130.60594868659973
100000,150,1.53756,73.41476273536682
90000,10,2.0340000000000003,58.20041799545288
100000,100,1.5494400000000002,130.71446132659912
90000,10,2.0193,57.93341326713562
100000,150,1.5425099999999998,73.53621029853821
100000,190,1.5363,136.7446687221527
90000,10,2.0328,58.39679789543152
100000,150,1.52838,71.44453883171082
100000,100,1.53108,130.5614788532257
90000,10,2.0184,59.57935380935669
100000,150,1.5335100000000002,74.4997067451477
100000,190,1.52424,133.53959250450134
90000,10,2.0387,58.001800537109375
100000,100,1.54872,133.3462245464325
90000,10,2.029,60.57979702949524
100000,150,1.5382799999999999,76.19917941093445
90000,10,2.0221,60.25065588951111
100000,150,1.5408,74.80112171173096
100000,190,1.5272100000000002,139.71538400650024
90000,10,2.0297,60.18736457824707
100000,100,1.54359,135.3289339542389
100000,150,1.54161,74.82802653312683
90000,10,2.0260000000000002,59.646355867385864
100000,190,1.5267600000000001,131.56871485710144
100000,150,1.5381900000000002,75.99037742614746
90000,10,2.0263999999999998,59.3104932308197
100000,100,1.5455699999999999,142.0916497707367
90000,10,2.0227,61.80937957763672
100000,150,1.53243,78.68739151954651
100000,190,1.54143,141.47424483299255
90000,10,2.0311,62.458163022994995
100000,150,1.53936,76.625314950943
100000,100,1.54341,137.21104955673218
90000,10,2.0303999999999998,60.710652112960815
100000,150,1.52766,78.11889147758484
90000,10,2.025,60.31382203102112
100000,190,1.53423,144.90517735481262
100000,150,1.5372899999999998,76.41567802429199
100000,100,1.54089,143.0964059829712
90000,10,2.0144,60.048612117767334
90000,10,2.014,59.7334942817688
110000,150,1.528118181818182,94.99139451980591
100000,190,1.5381900000000002,140.10418248176575
90000,10,2.022,61.29525375366211
100000,100,1.55421,136.7879180908203
110000,150,1.5340090909090909,95.15330839157104
100000,10,2.0194199999999998,77.81940817832947
100000,190,1.52973,142.1607882976532
100000,10,2.03346,77.11718726158142
110000,150,1.5350727272727274,98.00482273101807
100000,100,1.55232,144.81932711601257
100000,10,2.02365,78.23443603515625
100000,190,1.5205499999999998,134.72829389572144
110000,150,1.5249272727272727,93.89052152633667
100000,100,1.5550199999999998,142.35394024848938
100000,10,2.03265,77.96522879600525
110000,150,1.5279545454545453,96.29279780387878
100000,190,1.52568,140.5942735671997
100000,10,2.03031,78.61177659034729
100000,100,1.5512400000000002,141.60476517677307
110000,150,1.5299181818181817,96.71745705604553
100000,10,2.01663,77.1566686630249
100000,190,1.52973,147.36864399909973
110000,150,1.528118181818182,96.87810945510864
100000,10,2.03553,80.9089617729187
100000,100,1.54566,141.69596457481384
100000,10,2.04228,76.3694999217987
110000,150,1.5369545454545455,96.86533522605896
100000,190,1.5255,140.2799904346466
100000,10,2.02806,77.4044976234436
100000,100,1.5372899999999998,144.75553488731384
110000,150,1.5317181818181818,93.79165172576904
100000,10,2.03418,79.80500674247742
100000,190,1.5217200000000002,135.4865961074829
110000,150,1.5338454545454545,94.55300068855286
100000,10,2.0331,76.83789086341858
100000,100,1.54638,145.95978116989136
110000,150,1.5345818181818183,98.79898500442505
100000,10,2.02221,75.61407256126404
100000,190,1.54017,144.66260600090027
100000,10,2.01915,77.93117952346802
100000,100,1.55178,140.86845326423645
110000,150,1.5338454545454545,96.22142171859741
100000,10,2.0139299999999998,77.89976382255554
100000,190,1.52667,146.47830247879028
110000,150,1.5364636363636364,97.9440541267395
100000,10,2.01978,81.32974648475647
110000,100,1.5462,171.601092338562
110000,150,1.5415363636363635,96.3583824634552
100000,10,2.03157,78.05338644981384
110000,190,1.5210818181818182,172.6147677898407
110000,150,1.544890909090909,100.10647106170654
100000,10,2.00583,79.29162979125977
110000,100,1.542518181818182,170.42572593688965
100000,10,2.02743,79.00797486305237
110000,150,1.538018181818182,97.17752003669739
110000,190,1.5341727272727272,177.905193567276
100000,10,2.02707,79.20068979263306
110000,150,1.5361363636363636,97.73502707481384
110000,100,1.5374454545454546,171.72983860969543
100000,10,2.01789,80.97880959510803
110000,150,1.5241090909090909,98.65320563316345
110000,190,1.5338454545454545,173.60655570030212
110000,10,2.0165727272727274,97.41227436065674
110000,100,1.5456272727272726,172.2459306716919
110000,150,1.5280363636363636,96.97107100486755
110000,10,2.025981818181818,97.98906421661377
110000,190,1.5291,168.69051313400269
110000,150,1.534990909090909,95.40185070037842
110000,10,2.0304818181818183,97.16422629356384
110000,100,1.5440727272727273,175.62037110328674
120000,150,1.540875,113.3722231388092
110000,10,2.0227909090909093,95.2938666343689
110000,190,1.5176454545454545,179.61102962493896
120000,150,1.5198749999999999,116.15311670303345
110000,10,2.0295,97.1445825099945
110000,100,1.5462,177.58083701133728
110000,190,1.5357272727272728,174.9460015296936
110000,10,2.0220545454545453,97.34698390960693
120000,150,1.517175,118.84435796737671
110000,100,1.5488181818181819,170.7818624973297
110000,10,2.018781818181818,94.0943775177002
120000,150,1.527375,118.75891423225403
110000,190,1.533190909090909,178.08010935783386
110000,10,2.0135454545454543,94.18446826934814
120000,150,1.5225,115.06615567207336
110000,100,1.5534818181818182,172.33375644683838
110000,10,2.023527272727273,93.86431813240051
110000,190,1.5420272727272728,2793.3026010990143
120000,150,1.530825,17701.642726421356
110000,10,2.016981818181818,17688.064985752106
110000,100,1.5419454545454545,17762.465097904205
120000,150,1.546125,138.66701579093933
110000,190,1.523618181818182,15117.880335092545
110000,10,2.024918181818182,124.1061589717865
110000,100,1.5449727272727272,128.67956972122192
110000,190,1.5458727272727273,112.77921915054321
120000,150,1.5360749999999999,137.0094177722931
110000,100,1.5453,112.78057193756104
110000,10,2.043,174.3410520553589
120000,150,1.5372000000000001,137.742769241333
110000,190,1.5388363636363636,165.35139060020447
110000,100,1.5445636363636364,117.76512789726257
110000,10,2.027372727272727,176.9165711402893
110000,190,1.5289363636363638,118.58724427223206
120000,150,1.5281250000000002,139.1989722251892
110000,100,1.5446454545454547,176.22006464004517
110000,190,1.528690909090909,103.43614983558655
110000,10,2.0264727272727274,147.23006510734558
120000,150,1.539975,160.80276584625244
110000,190,1.534909090909091,96.15686988830566
110000,10,2.015918181818182,93.51790046691895
110000,100,1.5484909090909091,163.57714223861694
110000,190,1.5309,96.4224898815155
110000,10,2.0313818181818184,96.02886891365051
110000,100,1.5546272727272727,139.66023755073547
120000,150,1.535625,200.0497694015503
110000,10,2.024590909090909,89.97607779502869
110000,190,1.5156818181818181,97.03945016860962
110000,100,1.5476727272727273,152.39010906219482
110000,10,2.024672727272727,162.39063048362732
110000,190,1.525090909090909,198.50631999969482
120000,150,1.537125,243.8472216129303
110000,100,1.5465272727272728,168.06788992881775
110000,10,2.0157545454545454,173.8494701385498
110000,190,1.5309,193.38245916366577
120000,150,1.5347250000000001,202.22977995872498
110000,100,1.5497999999999998,169.610698223114
110000,10,2.014527272727273,200.12719655036926
110000,190,1.5269727272727271,174.84206414222717
120000,150,1.529475,196.6994504928589
110000,100,1.555690909090909,164.25663542747498
120000,10,2.02425,199.8555474281311
110000,190,1.5237,168.80538129806519
110000,100,1.552909090909091,171.46954560279846
120000,150,1.53375,197.39923882484436
120000,190,1.525725,198.65162920951843
120000,10,2.015475,210.34329986572266
120000,100,1.537425,197.98309588432312
120000,150,1.538475,199.07994270324707
120000,190,1.521525,210.23097920417786
120000,10,2.024175,215.18708395957947
120000,100,1.5429,219.5061013698578
120000,150,1.530975,253.93852353096008
120000,190,1.5246,195.78091740608215
120000,10,2.027475,206.41155195236206
120000,100,1.554525,229.84028840065002
120000,150,1.538325,258.92180347442627
120000,190,1.528275,201.2108917236328
120000,10,2.040975,197.38026404380798
120000,100,1.55835,268.75039887428284
120000,190,1.538325,201.01762461662292
120000,10,2.028,204.72702145576477
120000,150,1.5372000000000001,265.2777953147888
120000,190,1.536825,201.93489789962769
120000,10,2.0313,206.6807360649109
120000,100,1.542525,269.0496919155121
130000,150,1.5235615384615386,309.8274507522583
120000,190,1.520325,207.97473907470703
120000,10,2.0244750000000002,199.51312923431396
120000,100,1.547625,267.64050364494324
120000,190,1.5324,201.63748741149902
120000,10,2.019675,204.96234846115112
130000,150,1.5356076923076925,311.3908236026764
120000,100,1.5429,267.12619161605835
120000,190,1.52895,207.25926542282104
120000,10,2.029725,191.16375088691711
130000,150,1.5337384615384615,322.5407123565674
120000,10,2.0079,192.51945757865906
120000,190,1.527825,202.2423801422119
120000,100,1.551375,267.89335680007935
120000,10,2.019,203.38108015060425
120000,190,1.520775,207.59127855300903
130000,150,1.5386538461538461,309.1295928955078
120000,100,1.5426,269.41172075271606
120000,10,2.0223,197.22273135185242
120000,190,1.5279,206.6517369747162
120000,100,1.5527250000000001,276.5375130176544
130000,150,1.5439153846153846,315.03224086761475
120000,10,2.022825,207.68916130065918
120000,190,1.521525,196.2378978729248
120000,10,2.0294250000000003,201.37931323051453
120000,190,1.523925,203.47213697433472
120000,100,1.547775,272.62354254722595
130000,150,1.5362307692307693,311.06796407699585
120000,10,2.029725,202.2643325328827
120000,190,1.5312,200.24077439308167
120000,100,1.5457500000000002,267.86318016052246
120000,10,2.025975,197.87311458587646
120000,190,1.533675,201.30460667610168
130000,150,1.5361615384615384,321.53936219215393
120000,100,1.542,268.4839334487915
120000,10,2.026125,203.92648720741272
120000,190,1.5272249999999998,201.84822344779968
130000,150,1.5329076923076923,292.51260352134705
120000,10,2.0232,213.83045411109924
120000,100,1.53975,259.1425440311432
120000,190,1.522425,234.72587418556213
130000,150,1.5372000000000001,291.5656270980835
120000,10,2.0274,212.13671803474426
120000,100,1.5363749999999998,222.57173943519592
120000,190,1.51875,245.28744411468506
120000,100,1.55775,217.1601402759552
130000,150,1.528476923076923,278.01148414611816
130000,10,2.0260384615384615,280.75176072120667
120000,190,1.516875,265.3566222190857
120000,100,1.5503250000000002,222.02257347106934
130000,150,1.528546153846154,246.34547352790833
130000,10,2.0288769230769232,284.8605246543884
130000,190,1.5264,296.0782928466797
120000,100,1.539825,201.56207966804504
130000,150,1.5331153846153847,240.26051092147827
130000,10,2.030884615384615,266.2562198638916
120000,100,1.55775,253.18408679962158
130000,190,1.5306923076923076,296.36991143226624
130000,150,1.5406615384615385,238.38434529304504
130000,10,2.0303307692307695,233.84085536003113
120000,100,1.54965,271.13816022872925
130000,150,1.5414230769230768,241.46663427352905
130000,190,1.535676923076923,310.23403120040894
130000,10,2.021676923076923,234.8702359199524
130000,150,1.5234923076923077,242.38297271728516
130000,100,1.5452307692307694,314.40734672546387
130000,10,2.018423076923077,235.5823323726654
130000,190,1.5275076923076922,309.4538335800171
130000,150,1.533876923076923,247.413813829422
130000,10,2.0243076923076924,254.66146802902222
130000,100,1.5471692307692309,313.7939474582672
130000,190,1.5229384615384616,296.4516978263855
130000,150,1.5385846153846154,241.06438064575195
130000,10,2.0227153846153847,240.73369669914246
130000,100,1.549453846153846,316.0622913837433
130000,190,1.5256384615384615,301.2026438713074
130000,150,1.5317999999999998,243.68033409118652
130000,10,2.0271461538461537,238.0497715473175
130000,100,1.5432923076923077,259.6011326313019
130000,150,1.533876923076923,239.63501811027527
130000,190,1.5291,310.68337297439575
130000,10,2.0189076923076925,229.18940329551697
130000,100,1.5351923076923075,242.19858741760254
130000,150,1.5349153846153847,287.9230127334595
130000,10,2.0233384615384615,240.48563361167908
130000,190,1.5187153846153847,315.832168340683
130000,100,1.548276923076923,264.8293104171753
130000,10,2.016553846153846,244.8637444972992
140000,150,1.5363642857142858,291.0762436389923
130000,190,1.5360923076923079,275.705929517746
130000,100,1.5450230769230768,267.4601905345917
130000,10,2.028046153846154,267.22158217430115
130000,190,1.5304846153846154,241.87681555747986
140000,150,1.5301285714285713,307.6563723087311
130000,100,1.5462,282.0899419784546
130000,190,1.5210000000000001,253.56002283096313
130000,10,2.0243076923076924,291.45695328712463
140000,150,1.537842857142857,328.8765983581543
130000,100,1.5518076923076924,291.3360733985901
130000,190,1.5278538461538462,245.12889981269836
130000,10,2.0286692307692307,284.622545003891
140000,150,1.5231214285714287,272.32803082466125
130000,100,1.5506307692307693,304.1863651275635
130000,10,2.0206384615384616,264.494460105896
130000,190,1.5278538461538462,312.54388761520386
140000,150,1.5393214285714287,266.5366690158844
130000,10,2.0175923076923077,234.61744093894958
130000,100,1.5412846153846154,330.18210458755493
130000,190,1.520169230769231,312.354288816452
140000,150,1.5372642857142857,267.4087414741516
130000,10,2.0367,269.86296701431274
130000,100,1.539623076923077,281.841915845871
130000,190,1.5295846153846153,296.68632674217224
140000,150,1.528392857142857,270.21149039268494
130000,100,1.5435,241.77939295768738
130000,10,2.0238923076923077,301.4119098186493
140000,150,1.5351428571428571,267.9392149448395
130000,190,1.5336692307692308,311.40693974494934
130000,100,1.5429461538461537,239.62894415855408
130000,10,2.024930769230769,308.4795136451721
140000,150,1.532957142857143,275.0145728588104
130000,190,1.5241846153846155,311.8721799850464
130000,100,1.5502846153846153,249.00332832336426
140000,10,2.0307857142857144,351.022607088089
140000,150,1.5385499999999999,292.8551607131958
130000,190,1.522176923076923,270.27267503738403
130000,100,1.5589384615384614,237.18360376358032
140000,150,1.5353357142857142,270.09556674957275
130000,100,1.5480692307692308,242.70481300354004
130000,190,1.5303461538461538,300.3936412334442
140000,10,2.0226214285714286,355.04594445228577
140000,150,1.5391928571428573,284.4299969673157
130000,100,1.5478615384615384,257.7763795852661
130000,190,1.520169230769231,295.17826986312866
140000,10,2.034064285714286,286.766966342926
140000,150,1.5291,270.12307381629944
130000,100,1.5405230769230769,319.6278648376465
140000,10,2.0241,283.1873641014099
140000,190,1.5337285714285713,363.29192900657654
140000,150,1.5335999999999999,274.82254910469055
140000,10,2.0172857142857143,275.1300895214081
130000,100,1.5455769230769232,316.5412349700928
140000,190,1.5244714285714285,351.40240597724915
140000,150,1.5391285714285714,275.2974717617035
140000,10,2.031942857142857,291.21611857414246
140000,100,1.5411857142857142,307.6063916683197
140000,190,1.5137357142857142,359.0784752368927
140000,150,1.5339214285714284,347.3939492702484
140000,10,2.024164285714286,294.62319588661194
140000,100,1.5559714285714286,307.2095968723297
140000,150,1.5306428571428572,291.08119535446167
140000,190,1.5390000000000001,360.325802564621
140000,100,1.5580285714285715,276.63145422935486
140000,10,2.022557142857143,318.56993532180786
140000,100,1.5513428571428571,279.9752507209778
140000,150,1.5330214285714285,363.4808974266052
140000,190,1.5211928571428572,376.1151919364929
140000,10,2.0150357142857143,366.90206241607666
140000,100,1.5377785714285714,285.31975960731506
140000,150,1.5328285714285714,349.8157789707184
140000,190,1.5306428571428572,366.2450087070465
140000,10,2.027957142857143,360.22528553009033
140000,100,1.5492214285714285,274.12193274497986
140000,150,1.5366857142857142,327.9544541835785
140000,190,1.5346285714285712,319.3550548553467
140000,10,2.0118214285714284,343.2066400051117
140000,100,1.5500571428571428,296.71248269081116
150000,150,1.53498,323.9213864803314
140000,190,1.5290357142857143,358.064017534256
140000,100,1.54935,270.08134388923645
140000,10,2.0212714285714286,370.8977792263031
150000,150,1.52454,326.670179605484
140000,100,1.5452357142857143,340.47105884552
140000,190,1.5275571428571428,362.0554473400116
140000,10,2.013042857142857,377.2213041782379
150000,150,1.53594,375.87059783935547
140000,190,1.5186214285714286,297.00326800346375
140000,100,1.5567428571428572,309.01765155792236
140000,10,2.025642857142857,292.20320892333984
140000,190,1.523442857142857,289.8924310207367
140000,100,1.541057142857143,307.7739796638489
150000,150,1.5241200000000001,379.2477400302887
140000,10,2.021464285714286,292.55497670173645
140000,190,1.5269785714285713,278.0761740207672
140000,100,1.5467142857142857,269.56077218055725
140000,10,2.0232642857142857,276.9612305164337
150000,150,1.53192,427.70624256134033
140000,190,1.5272999999999999,283.6213059425354
140000,100,1.5567428571428572,273.7026119232178
140000,10,2.0219785714285714,272.43631076812744
140000,190,1.521642857142857,280.75061869621277
140000,100,1.5555857142857141,280.96495819091797
150000,150,1.5335400000000001,391.1229588985443
140000,10,2.030207142857143,291.0436954498291
150000,150,1.5267,322.1532607078552
140000,190,1.5280071428571427,329.40265369415283
140000,100,1.55205,336.28948044776917
140000,10,2.0243571428571427,285.1942217350006
140000,190,1.5228642857142858,319.2013258934021
140000,10,2.032457142857143,315.2469313144684
140000,100,1.538357142857143,331.4443562030792
150000,150,1.53432,384.2148473262787
140000,100,1.5418928571428572,296.2019817829132
140000,190,1.5219,339.58705377578735
150000,10,2.01612,334.170503616333
150000,150,1.5247799999999998,422.10737705230713
140000,100,1.5501214285714287,290.9935426712036
140000,190,1.5219642857142857,354.5843975543976
150000,10,2.0303400000000003,344.32394671440125
150000,150,1.53,363.5262084007263
140000,100,1.539642857142857,327.6344153881073
140000,190,1.5296142857142858,318.0455176830292
150000,10,2.02482,374.1482412815094
150000,150,1.51926,335.1143717765808
140000,100,1.5521142857142858,280.1243269443512
140000,190,1.5213214285714285,317.50981092453003
150000,10,2.02398,399.32571935653687
150000,150,1.53162,337.2850844860077
150000,100,1.55496,329.48715329170227
150000,190,1.53156,378.11862802505493
150000,100,1.554,323.1801915168762
150000,10,2.0303999999999998,402.6185300350189
150000,150,1.53384,408.1648864746094
150000,190,1.52934,417.00575494766235
150000,100,1.53804,325.98701786994934
150000,10,2.03046,414.9834816455841
150000,150,1.53594,416.86094522476196
150000,100,1.54176,311.10754203796387
150000,190,1.5303,420.290598154068
150000,10,2.02632,402.72796416282654
150000,150,1.53804,419.48591899871826
150000,100,1.54902,318.0061264038086
150000,190,1.5333,431.46571254730225
150000,10,2.01144,369.72204399108887
150000,100,1.53906,319.36803221702576
150000,150,1.5268799999999998,408.6726551055908
150000,10,2.02212,311.4945991039276
150000,190,1.5194400000000001,414.04625701904297
150000,100,1.5464399999999998,320.9051070213318
150000,150,1.52916,413.1837124824524
150000,10,2.0215799999999997,321.2872529029846
150000,100,1.53768,311.1575689315796
150000,190,1.53204,413.2094225883484
150000,150,1.5319800000000001,395.93238735198975
150000,10,2.0267399999999998,319.7445778846741
150000,100,1.54296,368.12935400009155
150000,190,1.52544,397.56587982177734
150000,150,1.5366,334.8453760147095
150000,10,2.02116,317.5731976032257
150000,190,1.52532,340.64345717430115
150000,100,1.53558,398.60007190704346
150000,150,1.53276,372.15343046188354
150000,10,2.02632,359.2533197402954
150000,190,1.51482,321.8650314807892
150000,100,1.53762,410.0997402667999
150000,10,2.01348,426.8223354816437
160000,150,1.5302250000000002,446.3197295665741
150000,190,1.52838,316.11909103393555
150000,100,1.54812,416.4624660015106
150000,190,1.52682,325.6169607639313
150000,10,2.0229,388.2947270870209
160000,150,1.5396750000000001,469.3031392097473
150000,100,1.5483,431.1965847015381
150000,190,1.5281399999999998,324.875999212265
150000,10,2.02656,324.0995931625366
160000,150,1.53748125,455.24678659439087
150000,100,1.5516,352.66289019584656
150000,190,1.52562,347.9592571258545
150000,10,2.02038,374.73935413360596
160000,150,1.5264562499999998,448.74750685691833
150000,190,1.52388,342.9280309677124
150000,100,1.5440399999999999,377.5714235305786
150000,10,2.03748,357.3077030181885
150000,100,1.53924,363.4784080982208
150000,190,1.52526,394.8013508319855
150000,10,2.0266800000000003,401.8413722515106
160000,150,1.5342749999999998,471.0347435474396
150000,100,1.5499800000000001,321.031626701355
150000,190,1.5241200000000001,412.66534185409546
150000,10,2.0151,426.2650785446167
160000,150,1.52758125,463.7953269481659
150000,100,1.55514,305.9715139865875
150000,190,1.53006,420.44584369659424
150000,100,1.5436800000000002,331.39051151275635
160000,10,2.03158125,462.49482107162476
160000,150,1.5188625,473.5976071357727
150000,190,1.5353400000000001,424.58823466300964
150000,100,1.55844,354.226042509079
160000,10,2.01920625,384.99374747276306
160000,150,1.52285625,469.41198992729187
150000,190,1.53072,369.2305109500885
160000,10,2.02606875,374.11025977134705
160000,100,1.55115,435.8538715839386
160000,150,1.536525,453.047639131546
150000,190,1.5261,333.72395849227905
160000,10,2.01155625,450.4487216472626
160000,100,1.5419812499999999,465.6659486293793
160000,190,1.52848125,356.0213129520416
160000,150,1.5332062499999999,462.5727381706238
160000,10,2.02978125,383.0106852054596
160000,100,1.5454124999999999,436.3632175922394
160000,190,1.5309,418.07407093048096
160000,150,1.5395625000000002,473.90334367752075
160000,100,1.5490125,360.4322385787964
160000,10,2.03248125,458.7549090385437
160000,190,1.5249374999999998,480.40285205841064
160000,150,1.5368625,439.7880868911743
160000,100,1.54591875,388.7020194530487
160000,10,2.0232,450.0856297016144
160000,190,1.53241875,418.706013917923
160000,150,1.5292124999999999,450.2224259376526
160000,100,1.54288125,374.53713488578796
160000,10,2.01324375,449.01330733299255
160000,190,1.53196875,470.5452673435211
160000,100,1.55086875,381.78019404411316
160000,150,1.530675,395.1353750228882
160000,10,2.0287124999999997,473.38048696517944
160000,100,1.549125,368.07446026802063
160000,150,1.5335437500000002,368.6963412761688
160000,190,1.5298875,466.3937270641327
160000,10,2.0262937500000002,403.19193410873413
160000,100,1.5497999999999998,369.76194739341736
160000,150,1.53230625,370.84390020370483
160000,190,1.5312375,444.3481435775757
160000,10,2.0255625,413.70805048942566
160000,100,1.5541312500000002,394.3365738391876
160000,150,1.5339375,468.3674738407135
160000,190,1.52240625,368.7993891239166
160000,10,2.02809375,440.4763207435608
160000,100,1.5483375000000001,367.35784101486206
160000,190,1.5240375,404.4519000053406
160000,150,1.52994375,443.36422634124756
160000,100,1.5442875,384.2192208766937
160000,10,2.03169375,431.9905815124512
160000,150,1.535175,399.85940289497375
160000,190,1.5213937499999999,417.17804622650146
160000,100,1.5598125,415.900972366333
160000,10,2.0262937500000002,450.9367709159851
160000,150,1.5404624999999998,389.92445158958435
160000,190,1.5283687499999998,444.59925150871277
160000,100,1.5576750000000001,362.6864604949951
160000,10,2.0415375,365.44494247436523
170000,150,1.543764705882353,423.5923709869385
160000,190,1.5249937500000001,407.10587430000305
160000,100,1.54535625,287.23323345184326
160000,10,2.0315250000000002,321.17252802848816
160000,100,1.56459375,225.86864638328552
160000,10,2.0201625,229.691472530365
170000,150,1.5358235294117646,415.0580677986145
160000,190,1.52803125,371.454674243927
160000,100,1.5445687499999998,207.62158274650574
160000,10,2.02831875,213.51639223098755
160000,100,1.5453,219.92627882957458
160000,190,1.52364375,341.0723581314087
170000,150,1.5271411764705882,395.4993302822113
160000,10,2.0334375000000002,221.42947363853455
160000,100,1.54485,223.85579085350037
160000,10,2.03439375,247.56826758384705
160000,190,1.5302250000000002,353.36340522766113
170000,150,1.5329117647058823,419.02760767936707
160000,100,1.55480625,303.1830701828003
160000,190,1.5312375,233.63058352470398
170000,10,2.043105882352941,415.2609257698059
160000,190,1.52685,237.0705599784851
170000,150,1.5294176470588234,432.41207242012024
170000,100,1.5406941176470588,431.86118364334106
160000,190,1.53590625,231.76797795295715
170000,10,2.0241,449.27974033355713
170000,100,1.5435,383.37678599357605
170000,150,1.5291529411764706,468.6350796222687
160000,190,1.5258937499999998,379.59702587127686
170000,100,1.537094117647059,318.95957136154175
170000,10,2.0257941176470586,462.1159493923187
170000,150,1.5385764705882352,484.4944908618927
160000,190,1.5326437499999999,434.49627590179443
170000,100,1.544664705882353,325.1607151031494
170000,10,2.021029411764706,460.0275478363037
170000,150,1.5365117647058826,403.91886591911316
170000,100,1.5404294117647057,333.4626986980438
170000,190,1.5255,453.22244215011597
170000,10,2.0274352941176472,413.0725157260895
170000,100,1.541170588235294,318.5540807247162
170000,150,1.533335294117647,400.8634886741638
170000,190,1.522058823529412,455.5659580230713
170000,10,2.030823529411765,435.9362087249756
170000,100,1.5525529411764705,490.2023742198944
170000,150,1.5403764705882352,448.5208864212036
170000,190,1.5226941176470588,442.30993843078613
170000,10,2.0270647058823528,323.05375242233276
170000,150,1.5310588235294118,415.5328619480133
170000,190,1.535664705882353,355.0368928909302
170000,100,1.5513882352941177,494.8338186740875
170000,10,2.0194411764705884,324.76812624931335
170000,150,1.5240705882352943,348.09979367256165
170000,100,1.5409588235294118,370.4255254268646
170000,190,1.5291,389.26169991493225
170000,10,2.028705882352941,434.23509097099304
170000,150,1.5249705882352942,320.54460525512695
170000,100,1.5577941176470589,323.41053318977356
170000,190,1.5309,488.688414812088
170000,150,1.5283058823529412,325.28239393234253
170000,10,2.020235294117647,483.4632284641266
170000,100,1.538258823529412,323.0066246986389
170000,190,1.530370588235294,373.9682607650757
170000,100,1.5521823529411765,325.8014826774597
170000,150,1.5260823529411764,437.75118470191956
170000,10,2.025635294117647,468.3103802204132
170000,190,1.530370588235294,335.75895142555237
170000,100,1.5516529411764708,292.2855775356293
170000,150,1.5285705882352942,450.4332163333893
170000,10,2.0186470588235292,446.0232632160187
170000,190,1.5276176470588236,288.94228649139404
170000,100,1.5451941176470587,260.1253378391266
170000,100,1.544029411764706,253.0566771030426
170000,150,1.5369882352941178,435.2835786342621
170000,10,2.0290235294117647,429.95486283302307
170000,190,1.5270882352941175,443.3252694606781
170000,100,1.5475764705882353,255.99987387657166
170000,100,1.5509117647058823,264.3647496700287
170000,150,1.5378882352941177,428.48481273651123
170000,10,2.0225117647058823,443.1101381778717
170000,190,1.5296823529411765,450.64346718788147
170000,100,1.5442941176470588,257.7879846096039
170000,150,1.5361941176470588,263.1603066921234
170000,10,2.0283882352941176,435.00777673721313
170000,100,1.5407470588235295,269.7611241340637
170000,150,1.5358235294117646,272.4208128452301
170000,190,1.5408,462.5846309661865
170000,100,1.5381529411764707,256.1814637184143
170000,190,1.5217941176470589,328.8464677333832
170000,10,2.029341176470588,431.70780515670776
180000,150,1.53135,387.42000937461853
180000,100,1.5375500000000002,292.82071685791016
170000,190,1.5223764705882352,259.8218717575073
180000,100,1.5418,299.62319684028625
170000,10,2.025635294117647,456.59609270095825
180000,150,1.5372999999999999,497.0759081840515
170000,190,1.5257117647058824,339.52556347846985
180000,100,1.55325,291.9914700984955
170000,190,1.5298411764705881,311.5388832092285
170000,10,2.0256882352941177,431.74470233917236
180000,150,1.5183499999999999,508.8595209121704
180000,100,1.5420500000000001,316.86259627342224
170000,190,1.525764705882353,295.293399810791
170000,10,2.0322529411764707,399.28880405426025
170000,190,1.5285705882352942,317.01550126075745
180000,150,1.53555,542.1258246898651
180000,100,1.5493,501.22483706474304
170000,10,2.023729411764706,378.1450881958008
170000,190,1.526929411764706,357.44025182724
180000,100,1.54325,445.8528485298157
180000,10,2.0253,392.5796408653259
180000,150,1.53325,555.9285180568695
170000,190,1.5242294117647057,494.9302167892456
180000,100,1.5537,384.21256160736084
180000,10,2.0208500000000003,417.7959053516388
180000,150,1.52645,439.06276273727417
180000,100,1.5542500000000001,360.75009512901306
180000,10,2.0207,377.56263041496277
180000,190,1.5349,527.5115940570831
180000,150,1.5375999999999999,434.8920273780823
180000,100,1.5494,468.9164342880249
180000,10,2.02255,397.0322186946869
180000,190,1.5261,400.11805176734924
180000,150,1.52725,1843.8697578907013
180000,10,2.0268,1784.3568081855774
180000,100,1.5411,1911.0291731357574
180000,190,1.53615,2011.3839037418365
180000,150,1.5473999999999999,451.43950605392456
180000,100,1.54585,324.7581744194031
180000,10,2.0329,547.5743598937988
180000,150,1.53935,334.386652469635
180000,100,1.5504499999999999,370.41709327697754
180000,190,1.52625,599.012020111084
180000,150,1.52915,347.1280074119568
