10000,200,1.5444,0.15621447563171387
10000,200,1.5219,0.15621256828308105
10000,200,1.5075,0.17183566093444824
10000,200,1.5030000000000001,0.17184090614318848
10000,200,1.5687000000000002,0.1718297004699707
10000,200,1.5282,0.17183232307434082
10000,200,1.5524999999999998,0.17183589935302734
10000,200,1.4922,0.17183375358581543
10000,200,1.5741,0.15621304512023926
10000,200,1.5129,0.1718459129333496
10000,200,1.5588,0.19624924659729004
10000,200,1.5948,0.17183542251586914
10000,200,1.5552000000000001,0.21871089935302734
10000,200,1.5165000000000002,0.20307421684265137
10000,200,1.5543,0.15621376037597656
10000,200,1.5183,0.15621089935302734
10000,200,1.5534000000000001,0.17183494567871094
10000,200,1.5210000000000001,0.17183494567871094
10000,200,1.512,0.15621280670166016
10000,200,1.4768999999999999,0.17183351516723633
20000,200,1.5021,0.3280501365661621
20000,200,1.5390000000000001,0.34366774559020996
20000,200,1.5003,0.3280484676361084
20000,200,1.5259500000000001,0.4112436771392822
20000,200,1.49715,0.3470802307128906
20000,200,1.5507,0.35929059982299805
20000,200,1.54935,0.4061553478240967
20000,200,1.5250499999999998,0.3124256134033203
20000,200,1.5524999999999998,0.3749120235443115
20000,200,1.49445,0.35929059982299805
20000,200,1.5066,0.29680681228637695
20000,200,1.54755,0.4061245918273926
20000,200,1.5219,0.35929274559020996
20000,200,1.47285,0.29680347442626953
20000,200,1.5228,0.31242990493774414
20000,200,1.5723,0.343672513961792
20000,200,1.56465,0.34366798400878906
20000,200,1.5097500000000001,0.3749086856842041
20000,200,1.5021,0.35928773880004883
20000,200,1.593,0.49054503440856934
30000,200,1.5735000000000001,0.5155072212219238
30000,200,1.5192,0.5155117511749268
30000,200,1.5210000000000001,0.4998745918273926
30000,200,1.5339,0.515505313873291
30000,200,1.5123,0.6092286109924316
30000,200,1.5081,0.468639612197876
30000,200,1.5141,0.5311276912689209
30000,200,1.5753000000000001,0.5311238765716553
30000,200,1.5500999999999998,0.5311262607574463
30000,200,1.4997,0.6404736042022705
30000,200,1.5110999999999999,0.49988245964050293
30000,200,1.4912999999999998,0.5103864669799805
30000,200,1.5683999999999998,0.48426175117492676
30000,200,1.5288,0.49988365173339844
30000,200,1.5303,0.5779862403869629
30000,200,1.5555,0.5623700618743896
30000,200,1.5513,0.5467472076416016
30000,200,1.5162,0.5072755813598633
30000,200,1.5123,0.5155079364776611
30000,200,1.5021,0.5311288833618164
40000,200,1.543275,0.7654402256011963
40000,200,1.5110999999999999,0.6345963478088379
40000,200,1.527975,0.6717207431793213
40000,200,1.5497999999999998,0.7966835498809814
40000,200,1.5068249999999999,0.6717190742492676
40000,200,1.5272999999999999,0.663517951965332
40000,200,1.53765,0.6560945510864258
40000,200,1.532475,0.7654335498809814
40000,200,1.5137999999999998,0.7029752731323242
40000,200,1.5396750000000001,0.6560814380645752
40000,200,1.5180749999999998,0.6430425643920898
40000,200,1.53495,0.781069278717041
40000,200,1.514925,0.7029576301574707
40000,200,1.520325,0.6404731273651123
40000,200,1.540575,0.7029619216918945
40000,200,1.522575,0.7421422004699707
40000,200,1.5264,0.6560959815979004
40000,200,1.517175,0.6873397827148438
40000,200,1.494675,0.6717164516448975
40000,200,1.52865,0.6676857471466064
50000,200,1.5390000000000001,0.8881196975708008
50000,200,1.5246,0.8435518741607666
50000,200,1.5543,0.9528989791870117
50000,200,1.5516,0.8747963905334473
50000,200,1.5510599999999999,0.843550443649292
50000,200,1.5309,0.8294036388397217
50000,200,1.52244,0.9529006481170654
50000,200,1.5247799999999998,0.8279297351837158
50000,200,1.5129,0.8435511589050293
50000,200,1.52874,0.9165055751800537
50000,200,1.51632,0.8435497283935547
50000,200,1.51362,1.0379338264465332
50000,200,1.5390000000000001,0.9529027938842773
50000,200,1.5129,0.8279366493225098
50000,200,1.51614,0.8435444831848145
50000,200,1.5107400000000002,0.9216556549072266
50000,200,1.5659999999999998,0.8592736721038818
50000,200,1.5222600000000002,0.8435571193695068
50000,200,1.5274800000000002,0.9216563701629639
50000,200,1.5607799999999998,0.8462812900543213
60000,200,1.54155,1.0513594150543213
60000,200,1.5210000000000001,1.0778710842132568
60000,200,1.51515,1.0112543106079102
60000,200,1.5243,1.1247344017028809
60000,200,1.52325,0.984147310256958
60000,200,1.518,0.9647383689880371
60000,200,1.5436500000000002,1.1091153621673584
60000,200,1.5429,1.0466289520263672
60000,200,1.5387,1.036708116531372
60000,200,1.51575,1.0934948921203613
60000,200,1.50915,0.9841420650482178
60000,200,1.53555,1.1527957916259766
60000,200,1.53075,1.0310113430023193
60000,200,1.5272999999999999,1.0153865814208984
60000,200,1.4886,1.1138322353363037
60000,200,1.5189000000000001,0.9372825622558594
60000,200,1.5327000000000002,1.1059505939483643
60000,200,1.5436500000000002,1.0310084819793701
60000,200,1.53825,0.9529018402099609
60000,200,1.5301500000000001,1.0934925079345703
70000,200,1.5292285714285714,1.1403591632843018
70000,200,1.5148285714285714,1.173032522201538
70000,200,1.5541714285714285,1.2813026905059814
70000,200,1.5327000000000002,1.1559808254241943
70000,200,1.5526285714285712,1.2755300998687744
70000,200,1.528457142857143,1.193819284439087
70000,200,1.5162428571428572,1.2340874671936035
70000,200,1.527942857142857,1.1403553485870361
70000,200,1.5270428571428574,1.2497074604034424
70000,200,1.5359142857142858,1.1418049335479736
70000,200,1.522157142857143,1.1559762954711914
70000,200,1.5265285714285715,1.29656982421875
70000,200,1.5360428571428573,1.189807653427124
70000,200,1.5076285714285715,1.2653279304504395
70000,200,1.5220285714285715,1.1559782028198242
70000,200,1.5226714285714285,1.2028427124023438
70000,200,1.546457142857143,1.202843427658081
70000,200,1.5105857142857144,1.1896302700042725
70000,200,1.5365571428571427,1.296570062637329
70000,200,1.5272999999999999,1.202840805053711
80000,200,1.5271875,1.4684085845947266
80000,200,1.5190875000000001,1.392819881439209
80000,200,1.517625,1.4996464252471924
80000,200,1.5277500000000002,1.4215359687805176
80000,200,1.501875,1.4288380146026611
80000,200,1.5366374999999999,1.4758696556091309
80000,200,1.5314625,1.3278143405914307
80000,200,1.5287625,1.2965710163116455
80000,200,1.5494625,1.5044424533843994
80000,200,1.5275249999999998,1.4840295314788818
80000,200,1.5231375,1.359050989151001
80000,200,1.528875,1.5621342658996582
80000,200,1.5455249999999998,1.3448126316070557
80000,200,1.532925,1.468388319015503
80000,200,1.5280875,1.3590562343597412
80000,200,1.53585,1.452784538269043
80000,200,1.5215625,1.3460149765014648
80000,200,1.5213375,1.493058204650879
80000,200,1.5327000000000002,1.4116322994232178
80000,200,1.531575,1.4840266704559326
90000,200,1.5359,1.5621321201324463
90000,200,1.5309,1.7027251720428467
90000,200,1.5244,1.5479154586791992
90000,200,1.5076,1.6714837551116943
90000,200,1.5469,1.687103271484375
90000,200,1.5279,1.455221176147461
90000,200,1.519,1.6558618545532227
90000,200,1.534,1.4996471405029297
90000,200,1.5488000000000002,1.641657829284668
90000,200,1.5543,1.6965570449829102
90000,200,1.5205000000000002,1.5308892726898193
90000,200,1.5002,1.60176420211792
90000,200,1.5183,1.4996473789215088
90000,200,1.5296999999999998,1.6801164150238037
90000,200,1.5309,1.5777547359466553
90000,200,1.5137,1.6558611392974854
90000,200,1.5108,1.7027270793914795
90000,200,1.5455,1.5645368099212646
90000,200,1.5073,1.7200300693511963
90000,200,1.5246,1.5385136604309082
100000,200,1.54332,1.8834118843078613
100000,200,1.5167700000000002,1.8413326740264893
100000,200,1.50867,1.6027271747589111
100000,200,1.5153299999999998,1.7808313369750977
100000,200,1.52559,1.8224775791168213
100000,200,1.5257699999999998,1.6871042251586914
100000,200,1.5235200000000002,1.7725837230682373
100000,200,1.50993,1.7454190254211426
100000,200,1.53567,1.7495906352996826
100000,200,1.5204600000000001,1.7559778690338135
100000,200,1.5489,1.6871037483215332
100000,200,1.50156,1.7364246845245361
100000,200,1.54836,1.8276934623718262
100000,200,1.53936,1.7183499336242676
100000,200,1.53477,1.8476574420928955
100000,200,1.53207,1.8589372634887695
100000,200,1.52271,1.7027246952056885
100000,200,1.50624,1.8144872188568115
100000,200,1.52559,1.8120741844177246
100000,200,1.52739,1.705247402191162
110000,200,1.5144545454545455,2.0461435317993164
110000,200,1.5233727272727273,1.9839088916778564
110000,200,1.535972727272727,1.893747091293335
110000,200,1.530409090909091,1.9818534851074219
110000,200,1.5170727272727271,2.0151517391204834
110000,200,1.515190909090909,1.9864559173583984
110000,200,1.5267272727272727,1.994213581085205
110000,200,1.5406363636363636,2.063821792602539
110000,200,1.5177272727272728,1.9717507362365723
110000,200,1.5190363636363635,1.8546044826507568
110000,200,1.5411272727272727,2.0599145889282227
110000,200,1.5231272727272727,1.8937346935272217
110000,200,1.5202636363636364,2.0307729244232178
110000,200,1.5212454545454546,1.8276958465576172
110000,200,1.5067636363636365,1.9708123207092285
110000,200,1.5278727272727273,1.9682865142822266
110000,200,1.534909090909091,1.8745617866516113
110000,200,1.5167454545454544,2.015150785446167
110000,200,1.5215727272727273,2.019599437713623
110000,200,1.5183818181818183,1.9057984352111816
120000,200,1.5105,2.033165693283081
120000,200,1.52085,2.233851432800293
120000,200,1.5314999999999999,2.1836352348327637
120000,200,1.537725,2.546842575073242
120000,200,1.5253500000000002,2.0463919639587402
120000,200,1.528875,2.1571598052978516
120000,200,1.517025,2.20259428024292
120000,200,1.5275249999999998,2.1102805137634277
120000,200,1.52715,2.108879327774048
120000,200,1.54485,2.111473321914673
120000,200,1.520775,2.1557438373565674
120000,200,1.525425,2.2134366035461426
120000,200,1.510875,2.131767988204956
120000,200,1.528275,2.108876943588257
120000,200,1.5181499999999999,2.157010078430176
120000,200,1.52835,2.233851194381714
120000,200,1.52085,2.1245012283325195
120000,200,1.5409499999999998,2.219831705093384
120000,200,1.541175,2.0932555198669434
120000,200,1.519425,2.093258857727051
130000,200,1.5298615384615384,2.3432018756866455
130000,200,1.5345000000000002,2.345663547515869
130000,200,1.5224538461538462,2.3420450687408447
130000,200,1.524946153846154,2.421304702758789
130000,200,1.5239076923076922,2.486257791519165
130000,200,1.5196153846153846,2.155745506286621
130000,200,1.5302076923076922,2.3613369464874268
130000,200,1.5327692307692307,2.327345371246338
130000,200,1.517676923076923,2.3275773525238037
130000,200,1.5012692307692306,2.28318190574646
130000,200,1.5281307692307693,2.1713671684265137
130000,200,1.5171923076923077,2.376917839050293
130000,200,1.5093692307692308,2.311957597732544
130000,200,1.531246153846154,2.34320068359375
130000,200,1.5223153846153845,2.2557079792022705
130000,200,1.5282,2.3032925128936768
130000,200,1.5387923076923078,2.2160751819610596
130000,200,1.522176923076923,2.331120014190674
130000,200,1.5149076923076925,2.405686140060425
130000,200,1.5258461538461536,2.3145809173583984
140000,200,1.5265285714285715,2.4523446559906006
140000,200,1.5282,2.515031099319458
140000,200,1.5195857142857143,2.5473620891571045
140000,200,1.527942857142857,2.5504026412963867
140000,200,1.5233785714285712,2.4837899208068848
140000,200,1.5082071428571429,2.5332071781158447
140000,200,1.5247928571428573,2.4369287490844727
140000,200,1.5122571428571427,2.4369289875030518
140000,200,1.5236357142857142,2.4394164085388184
140000,200,1.538357142857143,2.507690191268921
140000,200,1.53315,2.5306549072265625
140000,200,1.5265285714285715,2.5488128662109375
140000,200,1.5282642857142856,2.4525489807128906
140000,200,1.513607142857143,2.5306553840637207
140000,200,1.5244071428571428,2.6112537384033203
140000,200,1.5246642857142858,2.401402473449707
140000,200,1.5264,2.474200487136841
140000,200,1.5228642857142858,2.4065282344818115
140000,200,1.5230571428571429,2.4695823192596436
140000,200,1.5256285714285713,2.507908344268799
150000,200,1.50846,2.666079044342041
150000,200,1.5384600000000002,2.7493536472320557
150000,200,1.5398399999999999,2.97918963432312
150000,200,1.52616,2.693490982055664
150000,200,1.53588,2.745152711868286
150000,200,1.52484,2.641303539276123
150000,200,1.51032,2.6243855953216553
150000,200,1.533,2.720611572265625
150000,200,1.51626,2.655381917953491
150000,200,1.53972,2.8274612426757812
150000,200,1.5278399999999999,2.5790586471557617
150000,200,1.527,2.6400043964385986
150000,200,1.51482,2.7205779552459717
150000,200,1.52694,2.624192953109741
150000,200,1.5219,2.5767295360565186
150000,200,1.5281399999999998,2.68686580657959
150000,200,1.53036,2.668170690536499
150000,200,1.5204600000000001,2.6919362545013428
150000,200,1.54098,2.702488899230957
150000,200,1.5267600000000001,2.59544038772583
160000,200,1.5297749999999999,2.8118398189544678
160000,200,1.52325,2.8538055419921875
160000,200,1.5113812500000001,2.755911350250244
160000,200,1.5346125000000002,2.828242063522339
160000,200,1.52364375,2.872990846633911
160000,200,1.5224625,2.8471872806549072
160000,200,1.52476875,2.939829111099243
160000,200,1.53151875,2.8899452686309814
160000,200,1.5118875,2.838740348815918
160000,200,1.5226875,2.858703136444092
160000,200,1.5205499999999998,2.786062240600586
160000,200,1.5249374999999998,2.8554956912994385
160000,200,1.52116875,2.7832188606262207
160000,200,1.5422625,2.904714584350586
160000,200,1.52454375,2.8274600505828857
160000,200,1.5302250000000002,2.861121654510498
160000,200,1.520775,2.8587048053741455
160000,200,1.5102,2.7994396686553955
160000,200,1.5233625000000002,2.873117208480835
160000,200,1.5141375000000001,3.128441095352173
170000,200,1.5333882352941177,3.579362392425537
170000,200,1.5302117647058824,2.9992945194244385
170000,200,1.5226941176470588,3.0805776119232178
170000,200,1.5335999999999999,3.170952558517456
170000,200,1.5225882352941176,3.139885902404785
170000,200,1.5283058823529412,3.2676498889923096
170000,200,1.5369882352941178,3.07918643951416
170000,200,1.5345529411764707,3.189241647720337
170000,200,1.5102,3.030538320541382
170000,200,1.5195176470588234,3.1737265586853027
170000,200,1.5340764705882353,3.0188770294189453
170000,200,1.5258176470588236,3.0305356979370117
170000,200,1.5278823529411762,3.0788395404815674
170000,200,1.5278823529411762,3.046159505844116
170000,200,1.5240705882352943,3.0799496173858643
170000,200,1.530529411764706,2.95242977142334
170000,200,1.5371470588235294,3.032909393310547
170000,200,1.5248117647058823,3.017432689666748
170000,200,1.5304235294117647,3.10864520072937
170000,200,1.5153882352941177,3.0955193042755127
180000,200,1.5097,3.139887571334839
180000,200,1.54005,3.1891684532165527
180000,200,1.5225,3.3296945095062256
180000,200,1.54075,3.2648589611053467
180000,200,1.5302,3.282857656478882
180000,200,1.53655,3.157707929611206
180000,200,1.51645,3.0643155574798584
180000,200,1.5335,3.175438642501831
180000,200,1.5229000000000001,3.3107101917266846
180000,200,1.5141,3.2336158752441406
180000,200,1.53255,3.1736435890197754
180000,200,1.5253999999999999,3.249237060546875
180000,200,1.5449000000000002,3.423855781555176
180000,200,1.5195,3.171130418777466
180000,200,1.52705,3.1736679077148438
180000,200,1.52205,3.26485538482666
180000,200,1.52785,3.3139030933380127
180000,200,1.5353,3.217991352081299
180000,200,1.5366,3.215390920639038
180000,200,1.5244499999999999,3.216918468475342
190000,200,1.5269684210526315,3.516294002532959
190000,200,1.5184894736842105,3.421070098876953
190000,200,1.5199105263157895,3.3305513858795166
190000,200,1.5306157894736843,3.342966318130493
190000,200,1.5225157894736843,3.454331159591675
190000,200,1.5399,3.2986927032470703
190000,200,1.5263052631578948,3.29610276222229
190000,200,1.5230368421052634,3.3139872550964355
190000,200,1.5277736842105263,3.1880903244018555
190000,200,1.5095368421052633,3.3922929763793945
190000,200,1.5350210526315788,3.487018585205078
190000,200,1.5216157894736844,3.319058656692505
190000,200,1.5241736842105262,3.2382218837738037
190000,200,1.5311368421052631,3.3898282051086426
190000,200,1.525642105263158,3.2514967918395996
190000,200,1.5171631578947369,3.2179927825927734
190000,200,1.5328894736842107,3.2513630390167236
190000,200,1.522657894736842,3.2048866748809814
190000,200,1.5308052631578946,3.271376132965088
190000,200,1.5257842105263157,3.400392532348633
200000,200,1.5262650000000002,3.3915514945983887
200000,200,1.522125,3.4393346309661865
200000,200,1.5309,3.2804811000823975
200000,200,1.533195,3.5081140995025635
200000,200,1.5322500000000001,3.868872880935669
200000,200,1.518885,3.4752979278564453
200000,200,1.53657,3.5796422958374023
200000,200,1.5192899999999998,3.28294038772583
200000,200,1.53207,3.4363787174224854
200000,200,1.532475,3.3448238372802734
200000,200,1.533555,3.6259374618530273
200000,200,1.5228,3.483555316925049
200000,200,1.529415,3.4015445709228516
200000,200,1.540665,3.3960933685302734
200000,200,1.52568,3.4906036853790283
200000,200,1.52532,3.354447841644287
200000,200,1.5352649999999999,3.4117941856384277
200000,200,1.515105,3.3222925662994385
200000,200,1.527255,3.358187198638916
200000,200,1.52343,3.297837734222412
210000,200,1.5228857142857142,3.499178647994995
210000,200,1.5190285714285716,3.470083713531494
210000,200,1.5212571428571429,3.6325650215148926
210000,200,1.5311571428571429,3.4317121505737305
210000,200,1.5309857142857144,3.4773619174957275
210000,200,1.5397714285714286,3.733497142791748
210000,200,1.5266142857142855,3.5631487369537354
210000,200,1.5243857142857145,3.550497531890869
210000,200,1.540157142857143,3.5445470809936523
210000,200,1.5192857142857141,3.6255176067352295
210000,200,1.5364714285714287,3.5182039737701416
210000,200,1.5162428571428572,3.5291614532470703
210000,200,1.5272142857142859,3.75099778175354
210000,200,1.5267857142857144,3.579998016357422
210000,200,1.5222857142857142,3.5148003101348877
210000,200,1.5394714285714286,3.6891250610351562
210000,200,1.5206142857142857,3.532755136489868
210000,200,1.5180857142857143,3.563114643096924
210000,200,1.5157714285714285,3.6085264682769775
210000,200,1.5203571428571427,3.564119577407837
220000,200,1.535931818181818,3.70451283454895
220000,200,1.5215318181818183,3.6866328716278076
220000,200,1.5195681818181819,3.7043466567993164
220000,200,1.524681818181818,3.657726287841797
220000,200,1.5237,3.7951223850250244
220000,200,1.5176045454545455,3.671013355255127
220000,200,1.5387545454545455,3.7482481002807617
220000,200,1.5292227272727272,3.804328203201294
220000,200,1.5284863636363637,3.6899099349975586
220000,200,1.5351545454545454,3.686633586883545
220000,200,1.5279136363636363,3.8441929817199707
220000,200,1.5360954545454546,3.7977957725524902
220000,200,1.5356454545454548,3.81335711479187
220000,200,1.5354,3.7334980964660645
220000,200,1.5284863636363637,3.6567347049713135
220000,200,1.5300818181818183,3.8338379859924316
220000,200,1.5334363636363637,3.733799695968628
220000,200,1.5252545454545454,3.717252492904663
220000,200,1.528609090909091,3.7803642749786377
220000,200,1.5282,3.704690933227539
230000,200,1.5235434782608697,4.0172576904296875
230000,200,1.5175173913043478,3.9511845111846924
230000,200,1.5330521739130434,3.8295722007751465
230000,200,1.5274956521739131,3.907482862472534
230000,200,1.5244043478260871,3.798490285873413
230000,200,1.5226434782608698,3.876436948776245
230000,200,1.5246782608695653,4.080164432525635
230000,200,1.5336391304347827,4.139653205871582
230000,200,1.5176347826086956,3.875746965408325
230000,200,1.5246391304347826,3.92409086227417
230000,200,1.5382173913043478,3.9544036388397217
230000,200,1.5412695652173913,3.967820405960083
230000,200,1.528904347826087,4.00332236289978
230000,200,1.5291391304347826,3.905064344406128
230000,200,1.5196695652173913,3.892249345779419
230000,200,1.5172434782608695,3.7647411823272705
230000,200,1.5172043478260868,3.9079830646514893
230000,200,1.5223695652173914,3.9233157634735107
230000,200,1.5310565217391305,4.001524448394775
230000,200,1.5213913043478262,3.8920576572418213
240000,200,1.533825,4.064059257507324
240000,200,1.5318749999999999,4.139651775360107
240000,200,1.5306375,4.586131811141968
240000,200,1.5337874999999999,4.193694114685059
240000,200,1.5290625,4.219928979873657
240000,200,1.5194625,4.0171589851379395
240000,200,1.5264375000000001,4.202139854431152
240000,200,1.5350625,4.15791130065918
240000,200,1.5198375,4.079594373703003
240000,200,1.518,4.0485851764678955
240000,200,1.5328125000000001,4.095364332199097
240000,200,1.5347250000000001,4.032685995101929
240000,200,1.5310875,4.077166318893433
240000,200,1.5214125,4.063455104827881
240000,200,1.5354,4.192723274230957
240000,200,1.5199875,3.994659662246704
240000,200,1.5191625,4.095312595367432
240000,200,1.535175,4.119454860687256
240000,200,1.5335999999999999,4.126497745513916
240000,200,1.529325,4.077166795730591
250000,200,1.5267959999999998,4.376343011856079
250000,200,1.531836,4.204370021820068
250000,200,1.53936,4.345108509063721
250000,200,1.5212160000000001,4.142329454421997
250000,200,1.5148439999999999,4.155273675918579
250000,200,1.526256,4.2826855182647705
250000,200,1.522008,4.329463005065918
250000,200,1.529676,4.250819206237793
250000,200,1.520892,4.261615753173828
250000,200,1.527588,4.18916916847229
250000,200,1.523088,4.298414707183838
250000,200,1.512108,4.249000072479248
250000,200,1.5226199999999999,4.266923189163208
250000,200,1.532124,4.260382413864136
250000,200,1.518264,4.172332048416138
250000,200,1.53342,4.298392295837402
250000,200,1.5332400000000002,4.2513580322265625
250000,200,1.529352,4.23581337928772
250000,200,1.52928,4.311487436294556
250000,200,1.5248519999999999,4.074836730957031
260000,200,1.5168461538461537,4.478447437286377
260000,200,1.5293423076923078,4.295865058898926
260000,200,1.5232153846153846,4.438523054122925
260000,200,1.5283384615384616,4.438793420791626
260000,200,1.5145615384615385,4.42234468460083
260000,200,1.5230076923076923,4.530184745788574
260000,200,1.5296192307692307,4.3451621532440186
260000,200,1.523526923076923,4.501288175582886
260000,200,1.5184384615384616,4.439193964004517
260000,200,1.524496153846154,4.360657453536987
260000,200,1.526746153846154,4.48578143119812
260000,200,1.5258807692307692,4.483240842819214
260000,200,1.526676923076923,4.394819974899292
260000,200,1.5189576923076922,4.329535484313965
260000,200,1.5204115384615384,4.450918912887573
260000,200,1.5250846153846154,4.484833717346191
260000,200,1.5348115384615386,4.721009016036987
260000,200,1.5301384615384617,4.3566954135894775
260000,200,1.5305884615384615,4.44757866859436
260000,200,1.5324230769230769,4.483321905136108
270000,200,1.5333333333333332,4.548362731933594
270000,200,1.5307,4.563648462295532
270000,200,1.5275666666666665,4.722947597503662
270000,200,1.5271333333333335,4.5949437618255615
270000,200,1.5291666666666666,4.577904939651489
270000,200,1.5258333333333334,4.612862586975098
270000,200,1.5352333333333332,4.610720872879028
270000,200,1.5267,4.7176408767700195
270000,200,1.5189666666666666,4.579501390457153
270000,200,1.5303,4.610762119293213
270000,200,1.5364,4.59506893157959
270000,200,1.5246666666666666,4.532641649246216
270000,200,1.524,4.50138783454895
270000,200,1.5351666666666666,4.611313581466675
270000,200,1.5221666666666667,4.720127105712891
270000,200,1.5173333333333334,4.517189979553223
270000,200,1.5182,4.592673063278198
270000,200,1.5299333333333331,4.517969369888306
270000,200,1.5224333333333333,4.579620122909546
270000,200,1.5326666666666668,4.596459150314331
280000,200,1.5218357142857144,4.733264684677124
280000,200,1.513607142857143,4.876389741897583
280000,200,1.5187178571428572,4.549201488494873
280000,200,1.5327321428571428,4.813725709915161
280000,200,1.5323142857142857,4.779604434967041
280000,200,1.5206785714285713,4.643591642379761
280000,200,1.5143464285714285,4.703336000442505
280000,200,1.526817857142857,4.826990604400635
280000,200,1.5319928571428572,4.797416925430298
280000,200,1.5305785714285716,4.673243522644043
280000,200,1.5355607142857144,4.828366041183472
280000,200,1.5381642857142859,4.703723192214966
280000,200,1.522157142857143,4.626270532608032
280000,200,1.5263035714285715,4.688854455947876
280000,200,1.5279107142857142,4.733261823654175
280000,200,1.5142821428571427,4.845755338668823
280000,200,1.5363642857142858,4.566163539886475
280000,200,1.5288428571428572,4.829549789428711
280000,200,1.5192,4.751352310180664
280000,200,1.5290357142857143,4.751251935958862
290000,200,1.5237,4.735936641693115
290000,200,1.539651724137931,4.969853639602661
290000,200,1.5267724137931034,4.920719146728516
290000,200,1.5136137931034481,4.829323768615723
290000,200,1.5285724137931034,4.953282117843628
290000,200,1.5282620689655173,4.798358678817749
290000,200,1.5200068965517242,4.891499280929565
290000,200,1.5276724137931035,4.968647241592407
290000,200,1.5295034482758623,4.922266721725464
290000,200,1.539744827586207,4.722454071044922
290000,200,1.5257172413793105,4.897515535354614
290000,200,1.5249413793103448,4.860641002655029
290000,200,1.5269586206896553,4.92211389541626
290000,200,1.5186413793103448,4.906533241271973
290000,200,1.527393103448276,4.767225503921509
290000,200,1.5360206896551722,4.811053991317749
290000,200,1.5251586206896552,4.939066410064697
290000,200,1.521155172413793,4.829290151596069
290000,200,1.5254379310344828,4.71278190612793
290000,200,1.5210620689655172,5.610180616378784
300000,200,1.52817,5.110596656799316
300000,200,1.52889,5.188313245773315
300000,200,1.52361,4.969098091125488
300000,200,1.51605,4.971575975418091
300000,200,1.52808,5.105906963348389
300000,200,1.5246600000000001,4.9065093994140625
300000,200,1.51656,5.015861749649048
300000,200,1.5122399999999998,5.015831232070923
300000,200,1.52583,5.19771671295166
300000,200,1.52643,5.052120923995972
300000,200,1.52523,5.111171722412109
300000,200,1.5278699999999998,5.1391377449035645
300000,200,1.5260399999999998,5.047260522842407
300000,200,1.53756,5.2056193351745605
300000,200,1.52571,5.1945741176605225
300000,200,1.51035,4.954083442687988
300000,200,1.52973,5.114153861999512
300000,200,1.5249300000000001,5.056178092956543
300000,200,1.5083099999999998,5.052076578140259
300000,200,1.5189300000000001,4.984602451324463
310000,200,1.527009677419355,5.329148292541504
310000,200,1.530116129032258,5.1888062953948975
310000,200,1.523758064516129,5.533910036087036
310000,200,1.520767741935484,5.376185178756714
310000,200,1.5174290322580646,5.247465133666992
310000,200,1.5257322580645163,5.250946044921875
310000,200,1.5247451612903224,5.3280932903289795
310000,200,1.5329322580645162,5.269353866577148
310000,200,1.5305806451612902,5.18911600112915
310000,200,1.5100548387096775,5.172058343887329
310000,200,1.5254129032258066,5.062784433364868
310000,200,1.5234096774193548,5.376184701919556
310000,200,1.5201290322580645,5.204265356063843
310000,200,1.5250354838709679,6.015580654144287
310000,200,1.5260225806451613,5.313272714614868
310000,200,1.525616129032258,5.360029697418213
310000,200,1.5258774193548388,5.454318523406982
310000,200,1.5325548387096775,5.359774589538574
310000,200,1.514816129032258,5.118633985519409
310000,200,1.5399,5.334049224853516
320000,200,1.52713125,5.433443307876587
320000,200,1.528875,5.4606263637542725
320000,200,1.5219562500000001,5.329294443130493
320000,200,1.5220968750000001,5.443626403808594
320000,200,1.531209375,5.31358003616333
320000,200,1.53675,5.344812631607056
320000,200,1.5199312500000002,5.485083103179932
320000,200,1.53286875,5.533091306686401
320000,200,1.5229125,5.297694206237793
320000,200,1.538296875,5.3915979862213135
320000,200,1.530478125,5.283445358276367
320000,200,1.5168656249999999,5.235955476760864
320000,200,1.5217875,5.38584303855896
320000,200,1.531771875,5.501343727111816
320000,200,1.525415625,5.34477686882019
320000,200,1.529409375,5.267050266265869
320000,200,1.5203531250000002,5.361419200897217
320000,200,1.5282,5.456341505050659
320000,200,1.5358218750000001,5.436224937438965
320000,200,1.5377062499999998,5.3762712478637695
330000,200,1.5149727272727271,5.516785621643066
330000,200,1.5299727272727273,5.579246282577515
330000,200,1.5269181818181818,5.376219272613525
330000,200,1.5303,5.867766857147217
330000,200,1.5350727272727274,5.625085115432739
330000,200,1.5279545454545453,5.6205153465271
330000,200,1.529290909090909,5.6719818115234375
330000,200,1.535809090909091,5.501021385192871
330000,200,1.5329454545454544,5.688532829284668
330000,200,1.5229363636363635,5.504534006118774
330000,200,1.5249545454545455,5.464287757873535
330000,200,1.5186272727272727,5.659806966781616
330000,200,1.530409090909091,5.560213327407837
330000,200,1.5332454545454546,5.597353458404541
330000,200,1.531609090909091,5.579505920410156
330000,200,1.5258818181818181,5.500433921813965
330000,200,1.535809090909091,5.500529050827026
330000,200,1.526181818181818,5.563660144805908
330000,200,1.5213,5.579374074935913
330000,200,1.5466363636363638,5.579202651977539
340000,200,1.5351617647058824,5.719860792160034
340000,200,1.51875,5.6727330684661865
340000,200,1.5267441176470589,5.516838073730469
340000,200,1.5167382352941177,5.766557455062866
340000,200,1.5285176470588235,5.658179044723511
340000,200,1.527564705882353,5.826193332672119
340000,200,1.5345000000000002,5.752285003662109
340000,200,1.5255529411764706,5.658046007156372
340000,200,1.5381794117647059,5.751291275024414
340000,200,1.521291176470588,5.657386302947998
340000,200,1.5149117647058823,5.610507011413574
340000,200,1.5362205882352942,5.812458276748657
340000,200,1.529629411764706,5.800925016403198
340000,200,1.526135294117647,5.880336046218872
340000,200,1.5215558823529411,5.895748853683472
340000,200,1.5265588235294119,5.757207632064819
340000,200,1.5253941176470587,5.766323089599609
340000,200,1.5284911764705882,5.641419172286987
340000,200,1.5345529411764707,5.735162734985352
340000,200,1.5211058823529413,5.765461206436157
350000,200,1.5277628571428572,5.778598785400391
350000,200,1.5306942857142856,5.923236846923828
350000,200,1.5254228571428572,5.9727561473846436
350000,200,1.5313371428571427,5.882815599441528
350000,200,1.5259114285714288,5.83779501914978
350000,200,1.5278914285714287,5.891211748123169
350000,200,1.5307971428571427,5.938579320907593
350000,200,1.5267600000000001,5.985348701477051
350000,200,1.5188657142857143,5.908917188644409
350000,200,1.5262457142857144,5.813635349273682
350000,200,1.520177142857143,5.891606330871582
350000,200,1.524342857142857,5.92192006111145
350000,200,1.5210514285714285,5.8333656787872314
350000,200,1.5211542857142857,5.891727447509766
350000,200,1.5274542857142857,6.157411098480225
350000,200,1.5349885714285714,5.766541481018066
350000,200,1.5367371428571428,6.063819408416748
350000,200,1.51884,5.740662574768066
350000,200,1.5232885714285715,5.84721827507019
350000,200,1.5251914285714285,5.798115015029907
360000,200,1.5194750000000001,6.016314744949341
360000,200,1.522475,6.500857830047607
360000,200,1.52895,5.966854810714722
360000,200,1.535525,6.141661882400513
360000,200,1.5281749999999998,6.0643839836120605
360000,200,1.52995,5.985128879547119
360000,200,1.518175,6.141700029373169
360000,200,1.519275,6.016671895980835
360000,200,1.520375,5.940288305282593
360000,200,1.5183250000000001,6.031857013702393
360000,200,1.52285,6.031513929367065
360000,200,1.519175,6.09477972984314
360000,200,1.527125,6.016567230224609
360000,200,1.52205,6.007400751113892
360000,200,1.5251,6.094730377197266
360000,200,1.528575,6.188470363616943
360000,200,1.5185250000000001,6.095763444900513
360000,200,1.528875,5.966472387313843
360000,200,1.5364499999999999,6.3028929233551025
360000,200,1.5183499999999999,6.126073837280273
370000,200,1.5262054054054055,6.110289096832275
370000,200,1.530754054054054,6.128632068634033
370000,200,1.5322864864864865,6.407124757766724
370000,200,1.533527027027027,6.1131110191345215
370000,200,1.5334054054054054,6.219491243362427
370000,200,1.5237243243243244,6.922900676727295
370000,200,1.5227027027027027,6.5749406814575195
370000,200,1.528516216216216,6.269708871841431
370000,200,1.5351081081081082,6.691153287887573
370000,200,1.5343054054054053,6.282278299331665
370000,200,1.5202945945945945,6.126058578491211
370000,200,1.5189567567567568,6.251035928726196
370000,200,1.5316054054054054,6.331454277038574
370000,200,1.5200027027027028,6.141634225845337
370000,200,1.5134108108108109,6.2223193645477295
370000,200,1.5263027027027027,6.378307580947876
370000,200,1.5252324324324322,6.219798803329468
370000,200,1.5236756756756757,6.157143831253052
370000,200,1.5267891891891892,6.24584174156189
370000,200,1.5205621621621623,6.250697612762451
380000,200,1.5307105263157894,6.550238370895386
380000,200,1.5219236842105264,6.453953504562378
380000,200,1.5287684210526318,6.142634391784668
380000,200,1.5247894736842105,6.4235169887542725
380000,200,1.5199815789473685,6.462835311889648
380000,200,1.533528947368421,6.610293626785278
380000,200,1.5199815789473685,6.391282558441162
380000,200,1.526921052631579,6.487443208694458
380000,200,1.5195315789473682,6.204990386962891
380000,200,1.528555263157895,6.439172744750977
380000,200,1.5302605263157896,6.498210668563843
380000,200,1.519057894736842,6.398280382156372
380000,200,1.519744736842105,6.297884464263916
380000,200,1.5207157894736842,6.4713218212127686
380000,200,1.5363236842105261,6.31396484375
380000,200,1.5275605263157896,6.297793626785278
380000,200,1.5239605263157894,6.532320499420166
380000,200,1.5255710526315789,6.375003337860107
380000,200,1.5278447368421053,6.461807012557983
380000,200,1.522042105263158,6.572875499725342
390000,200,1.5249,6.522310495376587
390000,200,1.5154615384615384,6.378535985946655
390000,200,1.5238615384615386,6.6537861824035645
390000,200,1.5274846153846153,6.581248044967651
390000,200,1.5257076923076922,6.73532772064209
390000,200,1.534776923076923,6.596358776092529
390000,200,1.521969230769231,6.625593185424805
390000,200,1.5233076923076923,6.590881824493408
390000,200,1.5285923076923076,6.531250715255737
390000,200,1.5160153846153848,6.515798330307007
390000,200,1.5270230769230768,6.546921968460083
390000,200,1.5213461538461537,6.596256971359253
390000,200,1.5262615384615386,6.530657768249512
390000,200,1.5280153846153846,6.376161098480225
390000,200,1.5273692307692308,6.637040853500366
390000,200,1.5319615384615384,6.4598634243011475
390000,200,1.5318461538461539,6.671737909317017
390000,200,1.534823076923077,6.629090309143066
390000,200,1.5255230769230768,6.719585657119751
390000,200,1.526123076923077,6.7500526905059814
400000,200,1.5296175,6.688638925552368
400000,200,1.5372000000000001,6.708929777145386
400000,200,1.524105,6.636763572692871
400000,200,1.51155,6.7525975704193115
400000,200,1.536525,6.7820892333984375
400000,200,1.5223499999999999,6.891501188278198
400000,200,1.5360749999999999,6.643579721450806
400000,200,1.5234074999999998,6.78212308883667
400000,200,1.5315299999999998,6.860464096069336
400000,200,1.531935,6.894159317016602
400000,200,1.5277275,6.739593267440796
400000,200,1.51938,6.636490821838379
400000,200,1.5259500000000001,6.565819263458252
400000,200,1.52361,6.6248908042907715
400000,200,1.5163875,7.1593918800354
400000,200,1.5244875,6.844116926193237
400000,200,1.5253425,6.7909674644470215
400000,200,1.5272100000000002,6.757272005081177
400000,200,1.5196275000000001,6.855958700180054
400000,200,1.5317550000000002,6.718799591064453
410000,200,1.5240073170731707,6.869441270828247
410000,200,1.5366731707317074,6.87681245803833
410000,200,1.535970731707317,7.0010411739349365
410000,200,1.5282,6.992717266082764
410000,200,1.531690243902439,7.0477306842803955
410000,200,1.5279585365853658,6.814270734786987
410000,200,1.5342365853658537,6.969993352890015
410000,200,1.5240951219512195,6.87819504737854
410000,200,1.5269926829268292,6.860156536102295
410000,200,1.5255219512195122,7.094306945800781
410000,200,1.532480487804878,7.359071969985962
410000,200,1.5227341463414634,7.235111236572266
410000,200,1.531558536585366,7.156005144119263
410000,200,1.526421951219512,6.721123933792114
410000,200,1.5303073170731707,6.8610053062438965
410000,200,1.5334463414634145,6.913486957550049
410000,200,1.5277170731707317,6.952878475189209
410000,200,1.532919512195122,6.875694274902344
410000,200,1.5206926829268292,6.954062223434448
410000,200,1.5290121951219513,6.844578981399536
420000,200,1.5299571428571428,7.157047510147095
420000,200,1.5238714285714285,6.845664024353027
420000,200,1.5309,7.031059741973877
420000,200,1.524042857142857,6.863599061965942
420000,200,1.5299785714285714,7.281986236572266
420000,200,1.5203785714285714,7.065821886062622
420000,200,1.5280071428571427,7.047891139984131
420000,200,1.5275357142857142,7.220763206481934
420000,200,1.526442857142857,6.995515823364258
420000,200,1.5269357142857143,7.176968812942505
420000,200,1.5217714285714286,7.083690881729126
420000,200,1.5253714285714286,7.023671627044678
420000,200,1.5201857142857143,7.0162718296051025
420000,200,1.5262714285714285,7.172354698181152
420000,200,1.5274928571428572,7.144185304641724
420000,200,1.5258857142857143,7.1493988037109375
420000,200,1.5248357142857143,7.040221691131592
420000,200,1.5304285714285715,7.244329929351807
420000,200,1.5155142857142858,7.063076972961426
420000,200,1.524492857142857,6.998358488082886
430000,200,1.5296023255813955,7.299942255020142
430000,200,1.5238255813953487,7.362769603729248
430000,200,1.5276558139534884,7.2505035400390625
430000,200,1.5287023255813952,7.281822681427002
430000,200,1.525667441860465,7.067959547042847
430000,200,1.517253488372093,7.219486474990845
430000,200,1.5263581395348838,7.128231048583984
430000,200,1.5187813953488374,7.3276872634887695
430000,200,1.518446511627907,7.267240762710571
430000,200,1.5184255813953489,7.224633693695068
430000,200,1.5342906976744186,7.322717189788818
430000,200,1.5320302325581394,7.214840412139893
430000,200,1.529811627906977,7.2038938999176025
430000,200,1.5332651162790698,7.440373420715332
430000,200,1.5304604651162792,7.376205205917358
430000,200,1.5241813953488372,7.203965425491333
430000,200,1.5226744186046512,7.390818357467651
430000,200,1.528513953488372,7.22855281829834
430000,200,1.523532558139535,7.112146615982056
430000,200,1.522632558139535,7.031193494796753
440000,200,1.5259295454545454,7.2688398361206055
440000,200,1.5282204545454545,7.34449028968811
440000,200,1.5182386363636364,7.385406732559204
440000,200,1.5361568181818182,7.609877109527588
440000,200,1.5284863636363637,7.266438722610474
440000,200,1.535175,7.484245777130127
440000,200,1.5263795454545455,7.424502372741699
440000,200,1.529468181818182,7.343507766723633
440000,200,1.5251318181818183,7.424144506454468
440000,200,1.511140909090909,7.464183807373047
440000,200,1.5270545454545454,7.413487195968628
440000,200,1.519609090909091,7.379449844360352
440000,200,1.513309090909091,7.359944105148315
440000,200,1.5258068181818183,7.391323089599609
440000,200,1.5270954545454547,7.377885580062866
440000,200,1.5351954545454545,7.5007054805755615
440000,200,1.5233113636363635,7.518778562545776
440000,200,1.5258272727272726,7.624876022338867
440000,200,1.5156204545454546,8.85443663597107
440000,200,1.5208568181818183,10.077473640441895
450000,200,1.5252,7.8285462856292725
450000,200,1.52614,7.73482608795166
450000,200,1.51656,7.7276365756988525
450000,200,1.52064,7.473890781402588
450000,200,1.52376,7.407553195953369
450000,200,1.52402,7.600538015365601
450000,200,1.52072,7.6054346561431885
450000,200,1.5231000000000001,7.8299150466918945
450000,200,1.5276399999999999,7.705930471420288
450000,200,1.5234800000000002,7.609576940536499
450000,200,1.52916,7.751916885375977
450000,200,1.5236399999999999,7.60367226600647
450000,200,1.53544,7.494570255279541
450000,200,1.52372,7.503174543380737
450000,200,1.53,7.469247102737427
450000,200,1.53192,7.70279335975647
450000,200,1.52846,7.6280786991119385
450000,200,1.52896,7.530914068222046
450000,200,1.52942,9.137504577636719
450000,200,1.52376,7.419614553451538
460000,200,1.5238369565217391,7.85985541343689
460000,200,1.528845652173913,7.609866380691528
460000,200,1.5290021739130433,7.709792137145996
460000,200,1.5244826086956522,7.9202210903167725
460000,200,1.5281608695652174,7.811925411224365
460000,200,1.5280826086956523,7.706453800201416
460000,200,1.5245608695652173,7.666916370391846
460000,200,1.526478260869565,7.632885217666626
460000,200,1.5277891304347826,7.862415313720703
460000,200,1.5191804347826086,7.813009262084961
460000,200,1.522995652173913,7.645016431808472
460000,200,1.5225652173913042,7.891149520874023
460000,200,1.5237195652173914,7.956721305847168
460000,200,1.5265565217391304,7.632232427597046
460000,200,1.5310565217391305,7.828873872756958
460000,200,1.526086956521739,7.705673694610596
460000,200,1.5239347826086957,7.750641584396362
460000,200,1.5183195652173913,7.72063684463501
460000,200,1.5296282608695653,7.697245121002197
460000,200,1.5321521739130435,7.66579532623291
470000,200,1.5241212765957446,7.922652721405029
470000,200,1.5305170212765957,7.971564292907715
470000,200,1.5219574468085106,7.922107934951782
470000,200,1.5217659574468085,7.862515449523926
470000,200,1.5246382978723405,7.875608921051025
470000,200,1.5223212765957446,7.7997026443481445
470000,200,1.5286404255319148,7.874821186065674
470000,200,1.5243510638297872,7.937122344970703
470000,200,1.5254808510638298,7.789164304733276
470000,200,1.533063829787234,7.891347169876099
470000,200,1.5328531914893615,8.159080266952515
470000,200,1.5377553191489362,7.987509727478027
470000,200,1.5222255319148936,7.970043420791626
470000,200,1.5281425531914894,8.01256513595581
470000,200,1.529904255319149,7.8459930419921875
470000,200,1.5288319148936171,8.059422016143799
470000,200,1.5240446808510637,7.909644842147827
470000,200,1.5308617021276596,8.234946250915527
470000,200,1.5374489361702126,7.991639614105225
470000,200,1.5230106382978723,7.886170864105225
480000,200,1.5372187499999999,8.335348129272461
480000,200,1.530075,8.001960515975952
480000,200,1.5267187500000001,8.01523756980896
480000,200,1.52551875,8.141545057296753
480000,200,1.5200437500000001,8.093342065811157
480000,200,1.5205499999999998,8.128203868865967
480000,200,1.529175,8.091803073883057
480000,200,1.51865625,8.019803285598755
480000,200,1.52904375,8.156684875488281
480000,200,1.52473125,8.236844778060913
480000,200,1.52746875,8.21936583518982
480000,200,1.52255625,8.112554788589478
480000,200,1.5277500000000002,8.077533721923828
480000,200,1.5267937500000002,8.207228183746338
480000,200,1.5337874999999999,8.473448276519775
480000,200,1.525875,8.30979299545288
480000,200,1.52229375,8.072577476501465
480000,200,1.52124375,8.05220365524292
480000,200,1.51719375,8.111541509628296
480000,200,1.5253875000000001,8.267487287521362
490000,200,1.5324795918367347,8.362344980239868
490000,200,1.5254448979591837,8.344465732574463
490000,200,1.5228367346938776,8.347599267959595
490000,200,1.5276857142857143,8.175087690353394
490000,200,1.527391836734694,8.447090148925781
490000,200,1.5286040816326532,8.313711643218994
490000,200,1.5288979591836735,8.691150188446045
490000,200,1.5279979591836736,9.04985761642456
490000,200,1.5293020408163265,8.48382043838501
490000,200,1.5214408163265305,8.346616506576538
490000,200,1.5334714285714286,8.283880949020386
490000,200,1.5297428571428573,8.393322229385376
490000,200,1.5296510204081633,8.365460872650146
490000,200,1.530826530612245,8.409435272216797
490000,200,1.5372183673469386,8.37791132926941
490000,200,1.5290448979591835,8.360122919082642
490000,200,1.525995918367347,8.330374479293823
490000,200,1.5271714285714284,8.271146059036255
490000,200,1.52895306122449,8.359811067581177
490000,200,1.5201367346938774,8.219672441482544
500000,200,1.5224760000000002,8.655867576599121
500000,200,1.528164,8.393718004226685
500000,200,1.527408,8.504209280014038
500000,200,1.525194,8.346526384353638
500000,200,1.5218099999999999,9.218276023864746
500000,200,1.531746,10.486993551254272
500000,200,1.5207480000000002,11.003433227539062
500000,200,1.5260399999999998,10.331433773040771
500000,200,1.5260399999999998,8.609117031097412
500000,200,1.526472,8.470650911331177
500000,200,1.530846,8.439257144927979
500000,200,1.5267959999999998,8.393472909927368
500000,200,1.526274,8.530967950820923
500000,200,1.5327540000000002,8.37913703918457
500000,200,1.5298019999999999,8.460786581039429
500000,200,1.5217200000000002,8.541358232498169
500000,200,1.529064,8.487388134002686
500000,200,1.536588,8.643558025360107
500000,200,1.5231780000000001,8.628012895584106
500000,200,1.526148,8.453775405883789
510000,200,1.5261705882352943,8.424939632415771
510000,200,1.5187588235294118,8.57804274559021
510000,200,1.5296117647058824,8.456356287002563
510000,200,1.5273176470588237,8.581282377243042
510000,200,1.5220764705882353,8.456212043762207
510000,200,1.529929411764706,8.67216420173645
510000,200,1.5280941176470588,8.721379518508911
510000,200,1.5223411764705883,8.658956050872803
510000,200,1.5244235294117647,8.751046419143677
510000,200,1.5220058823529412,8.5975182056427
510000,200,1.5239294117647058,8.596580505371094
510000,200,1.5252,8.612170457839966
510000,200,1.5293823529411765,8.733681440353394
510000,200,1.5339,8.548145771026611
510000,200,1.5270882352941175,8.61158299446106
510000,200,1.5226764705882352,8.609933614730835
510000,200,1.5232588235294118,8.581051111221313
510000,200,1.5187588235294118,8.581223964691162
510000,200,1.523470588235294,8.550333976745605
510000,200,1.5244235294117647,8.5958571434021
520000,200,1.532405769230769,8.861968994140625
520000,200,1.5300173076923076,8.773079633712769
520000,200,1.5216923076923077,8.734530448913574
520000,200,1.5315576923076923,8.79720950126648
520000,200,1.5325442307692307,9.303434133529663
520000,200,1.5186288461538462,8.83009386062622
520000,200,1.53045,8.690796613693237
520000,200,1.5246,8.765159130096436
520000,200,1.531125,9.017128705978394
520000,200,1.5261403846153847,8.782747983932495
520000,200,1.5303461538461538,8.674752473831177
520000,200,1.528875,8.690155982971191
520000,200,1.5273692307692308,8.623792171478271
520000,200,1.5225923076923078,8.800621509552002
520000,200,1.5263826923076924,8.815367221832275
520000,200,1.5255519230769232,8.64296555519104
520000,200,1.5178846153846153,8.750560760498047
520000,200,1.5247557692307694,8.703423500061035
520000,200,1.525326923076923,8.626543760299683
520000,200,1.5301730769230768,8.734654188156128
530000,200,1.5255169811320757,9.002677202224731
530000,200,1.5190471698113206,8.749369144439697
530000,200,1.5229867924528302,8.84666132926941
530000,200,1.5235981132075471,8.97056245803833
530000,200,1.5289811320754718,8.843618154525757
530000,200,1.52658679245283,8.73617696762085
530000,200,1.5268924528301886,8.877052068710327
530000,200,1.521798113207547,8.706341028213501
530000,200,1.522188679245283,8.970483541488647
530000,200,1.5246169811320756,8.786091566085815
530000,200,1.5307641509433965,8.781203269958496
530000,200,1.5359603773584907,9.018138885498047
530000,200,1.5260603773584904,9.000346422195435
530000,200,1.5302037735849057,8.926698207855225
530000,200,1.529745283018868,8.945151805877686
530000,200,1.533701886792453,8.994144439697266
530000,200,1.5264169811320756,9.002012014389038
530000,200,1.5205415094339623,8.92544174194336
530000,200,1.5252622641509435,8.909021139144897
530000,200,1.5237169811320754,8.781466007232666
540000,200,1.5255833333333333,9.09512448310852
540000,200,1.5250833333333333,8.957080602645874
540000,200,1.52835,9.299566268920898
540000,200,1.5259833333333335,9.142954349517822
540000,200,1.52585,9.062886476516724
540000,200,1.5241166666666668,8.987168788909912
540000,200,1.5163833333333334,9.085050106048584
540000,200,1.5324666666666666,9.141261100769043
540000,200,1.5266166666666665,9.315655708312988
540000,200,1.5296333333333334,9.112257719039917
540000,200,1.5226499999999998,9.094111680984497
540000,200,1.52075,9.034162282943726
540000,200,1.5195166666666666,9.190295696258545
540000,200,1.5321666666666667,9.315563917160034
540000,200,1.5279166666666666,9.297164678573608
540000,200,1.51925,9.25234055519104
540000,200,1.5341333333333333,8.984457731246948
540000,200,1.5237333333333334,9.111947298049927
540000,200,1.5306666666666666,9.108689308166504
540000,200,1.5276333333333334,8.915624618530273
550000,200,1.5322418181818183,9.218676328659058
550000,200,1.5262854545454545,9.049553155899048
550000,200,1.5281672727272726,9.08107614517212
550000,200,1.524829090909091,9.25008749961853
550000,200,1.5309818181818182,9.124322175979614
550000,200,1.52694,9.270336151123047
550000,200,1.5286745454545454,9.313424348831177
550000,200,1.53756,9.27125072479248
550000,200,1.5349745454545454,9.61198115348816
550000,200,1.5301472727272727,9.174577474594116
550000,200,1.5291163636363636,9.127662658691406
550000,200,1.5282654545454546,9.73198127746582
550000,200,1.5298527272727274,9.32685136795044
550000,200,1.5245018181818182,9.143390417098999
550000,200,1.5216545454545454,9.423667907714844
550000,200,1.5212945454545455,9.10973596572876
550000,200,1.5265963636363635,9.33372449874878
550000,200,1.51758,9.108716487884521
550000,200,1.523978181818182,9.503108024597168
550000,200,1.5285272727272727,9.408420324325562
560000,200,1.5281678571428572,9.449539184570312
560000,200,1.5333267857142856,9.50087571144104
560000,200,1.525982142857143,10.209031105041504
560000,200,1.5227196428571428,9.734610080718994
560000,200,1.5228964285714286,9.634297370910645
560000,200,1.5361553571428572,9.675020456314087
560000,200,1.531092857142857,9.608766317367554
560000,200,1.5328607142857142,9.369732141494751
560000,200,1.5262714285714285,9.253764629364014
560000,200,1.5325714285714287,9.533977508544922
560000,200,1.5256607142857141,9.422086238861084
560000,200,1.5274928571428572,9.331018924713135
560000,200,1.5205982142857142,9.330758810043335
560000,200,1.5226553571428572,9.687350988388062
560000,200,1.5237803571428572,9.467755317687988
560000,200,1.5318482142857144,9.580935716629028
560000,200,1.5257571428571428,9.424997329711914
560000,200,1.5245196428571428,9.424563646316528
560000,200,1.5182035714285713,9.47258996963501
560000,200,1.5265607142857145,9.787745714187622
570000,200,1.527063157894737,9.604175806045532
570000,200,1.5257526315789471,9.693685531616211
570000,200,1.5201315789473684,9.510047912597656
570000,200,1.5209368421052631,9.493897914886475
570000,200,1.5321473684210527,9.765887022018433
570000,200,1.5271736842105261,9.785450458526611
570000,200,1.5273947368421052,9.499199867248535
570000,200,1.5299684210526316,9.630202054977417
570000,200,1.5152684210526317,9.327111005783081
570000,200,1.5225,9.908841848373413
570000,200,1.527,10.268619537353516
570000,200,1.5254368421052633,10.112792015075684
570000,200,1.5256736842105263,10.218929052352905
570000,200,1.5285315789473684,10.524635553359985
570000,200,1.5257368421052633,9.937873363494873
570000,200,1.524821052631579,9.60439419746399
570000,200,1.5325105263157894,9.741878747940063
570000,200,1.5256578947368422,9.629348278045654
570000,200,1.525357894736842,9.440099477767944
570000,200,1.5152999999999999,9.642173767089844
580000,200,1.5217913793103448,9.501323699951172
580000,200,1.528851724137931,9.891210317611694
580000,200,1.5216827586206896,9.656756401062012
580000,200,1.5277965517241379,9.754257678985596
580000,200,1.527408620689655,9.987335443496704
580000,200,1.524196551724138,9.652276754379272
580000,200,1.5234206896551725,9.959683895111084
580000,200,1.532994827586207,9.87707805633545
580000,200,1.5245224137931033,9.750392198562622
580000,200,1.532653448275862,9.79434585571289
580000,200,1.517493103448276,9.924529314041138
580000,200,1.5275017241379312,9.894564628601074
580000,200,1.5239017241379311,9.840111255645752
580000,200,1.532498275862069,10.202598094940186
580000,200,1.526105172413793,9.860269784927368
580000,200,1.5265551724137931,12.885254859924316
580000,200,1.5287586206896553,13.15302038192749
580000,200,1.5293172413793104,13.282419204711914
580000,200,1.5272068965517243,13.148780345916748
580000,200,1.5283551724137932,12.926893711090088
590000,200,1.5191389830508475,10.065987825393677
590000,200,1.5227084745762713,10.068763971328735
590000,200,1.5364983050847458,10.105967998504639
590000,200,1.523379661016949,10.25269889831543
590000,200,1.5241728813559323,10.143565654754639
590000,200,1.5256983050847457,10.102865219116211
590000,200,1.521808474576271,10.25254225730896
590000,200,1.5249661016949152,10.408727645874023
590000,200,1.5242338983050847,10.241154670715332
590000,200,1.5162711864406782,10.268388509750366
590000,200,1.5221745762711865,10.241803646087646
590000,200,1.5306254237288135,10.435266494750977
590000,200,1.5199322033898304,10.228262186050415
590000,200,1.5265372881355932,10.174217700958252
590000,200,1.532349152542373,10.210466623306274
590000,200,1.5328372881355932,10.245431184768677
590000,200,1.5283220338983052,10.329389095306396
590000,200,1.525820338983051,10.35366415977478
590000,200,1.5268271186440678,10.220211267471313
590000,200,1.5198864406779662,10.080833911895752
600000,200,1.514865,10.218591928482056
600000,200,1.5287250000000001,10.111477136611938
600000,200,1.527585,10.081140518188477
600000,200,1.525815,9.649458169937134
600000,200,1.523055,10.106888055801392
600000,200,1.52892,10.252596139907837
600000,200,1.52646,10.068817853927612
600000,200,1.5268650000000001,10.002480268478394
600000,200,1.528425,10.00094723701477
600000,200,1.52481,9.986887693405151
600000,200,1.523835,9.959171056747437
600000,200,1.532295,10.106157779693604
600000,200,1.522545,10.00506591796875
600000,200,1.5103950000000002,10.030481815338135
600000,200,1.525455,10.004095077514648
600000,200,1.52826,9.942422151565552
600000,200,1.51938,10.131536960601807
600000,200,1.5240150000000001,10.245460748672485
600000,200,1.5280500000000001,9.90827989578247
600000,200,1.5250949999999999,10.297709703445435
610000,200,1.5235967213114754,10.223827123641968
610000,200,1.521811475409836,10.283666849136353
610000,200,1.5244967213114753,10.099167823791504
610000,200,1.530516393442623,10.285604238510132
610000,200,1.5338655737704918,10.236559629440308
610000,200,1.5296754098360656,10.46068000793457
610000,200,1.5264,10.126899480819702
610000,200,1.528716393442623,10.264097452163696
610000,200,1.5198639344262295,10.346130132675171
610000,200,1.529793442622951,10.393421173095703
610000,200,1.5320508196721312,10.298668384552002
610000,200,1.5217967213114754,10.340477705001831
610000,200,1.524688524590164,10.253352403640747
610000,200,1.5253967213114756,10.169819831848145
610000,200,1.5237295081967215,9.900086402893066
610000,200,1.5262524590163935,10.227240800857544
610000,200,1.5226377049180329,10.393116474151611
610000,200,1.5242016393442621,10.203182935714722
610000,200,1.5251016393442622,10.345540523529053
610000,200,1.5235819672131146,10.142468452453613
620000,200,1.5291870967741936,10.439825057983398
620000,200,1.5292306451612903,11.25114631652832
620000,200,1.5297096774193548,10.515319585800171
620000,200,1.5241790322580646,10.57922625541687
620000,200,1.5295064516129033,10.244930505752563
620000,200,1.5262838709677418,10.721179485321045
620000,200,1.5300435483870967,10.112788438796997
620000,200,1.5167322580645162,10.484026670455933
620000,200,1.5238016129032257,10.219808578491211
620000,200,1.5241935483870968,10.431708574295044
620000,200,1.52865,10.548809051513672
620000,200,1.5276629032258064,10.580480575561523
620000,200,1.5194032258064516,10.471351146697998
620000,200,1.5350370967741935,10.502112627029419
620000,200,1.5307112903225806,10.398284435272217
620000,200,1.520724193548387,10.062416315078735
620000,200,1.529433870967742,10.657975435256958
620000,200,1.5249483870967744,10.510995388031006
620000,200,1.536517741935484,10.602365493774414
620000,200,1.5277935483870968,10.524251461029053
630000,200,1.517,10.673999547958374
630000,200,1.5276285714285713,10.581398248672485
630000,200,1.5270285714285714,10.569586038589478
630000,200,1.5294857142857143,10.766282796859741
630000,200,1.5249857142857144,10.59675407409668
630000,200,1.5338142857142858,10.656598329544067
630000,200,1.5262,10.531974077224731
630000,200,1.5197142857142856,10.627167463302612
630000,200,1.5313714285714286,10.741771459579468
630000,200,1.524642857142857,10.568181037902832
630000,200,1.5280857142857145,10.442378759384155
630000,200,1.5255857142857143,10.610734939575195
630000,200,1.5212428571428571,10.54935598373413
630000,200,1.5235571428571428,10.491291046142578
630000,200,1.5232142857142859,10.562284469604492
630000,200,1.5272999999999999,10.628239870071411
630000,200,1.5227857142857144,10.592450380325317
630000,200,1.5242857142857142,10.455143928527832
630000,200,1.5243285714285715,10.676113843917847
630000,200,1.5261142857142858,10.67312216758728
640000,200,1.526625,10.647213697433472
640000,200,1.5305906249999999,10.75135350227356
640000,200,1.52713125,10.791122913360596
640000,200,1.53219375,10.941380977630615
640000,200,1.533009375,10.76667308807373
640000,200,1.52038125,10.846102952957153
640000,200,1.5264,10.799307346343994
640000,200,1.5232640625,11.408062219619751
640000,200,1.5306328125,14.124682426452637
640000,200,1.5266390625,10.86764907836914
640000,200,1.523165625,10.846346616744995
640000,200,1.5187921875,10.580298662185669
640000,200,1.5262734375,10.829559326171875
640000,200,1.5297046875,10.752363920211792
640000,200,1.525725,10.878717184066772
640000,200,1.5205921875000001,10.785022974014282
640000,200,1.5225609375,10.76665997505188
640000,200,1.5281859375,11.043193101882935
640000,200,1.524121875,11.001901388168335
640000,200,1.52994375,10.881751298904419
650000,200,1.534763076923077,11.02567720413208
650000,200,1.5222600000000002,10.90841817855835
650000,200,1.52442,10.875789165496826
650000,200,1.5211384615384616,11.114181995391846
650000,200,1.5238107692307692,10.92461609840393
650000,200,1.5253753846153846,11.017931699752808
650000,200,1.5364523076923076,11.111260652542114
650000,200,1.5334892307692307,11.021121978759766
650000,200,1.5307615384615385,14.847414016723633
650000,200,1.5256661538461538,14.50464677810669
650000,200,1.521526153846154,14.124581813812256
650000,200,1.5242815384615385,15.337708950042725
650000,200,1.53468,14.819404602050781
650000,200,1.5272723076923076,11.47088074684143
650000,200,1.5241292307692307,11.411008358001709
650000,200,1.5242953846153844,11.267229080200195
650000,200,1.5224953846153846,11.363093614578247
650000,200,1.528103076923077,11.252596378326416
650000,200,1.5251815384615384,11.220119953155518
650000,200,1.5275492307692307,11.427749633789062
660000,200,1.5297545454545456,11.64204478263855
660000,200,1.5312,11.274714469909668
660000,200,1.5297545454545456,11.204645872116089
660000,200,1.5312545454545456,11.252171277999878
660000,200,1.5265363636363638,11.332741260528564
660000,200,1.5322227272727273,11.626752853393555
660000,200,1.5264681818181818,11.705085039138794
660000,200,1.5282136363636363,11.728363513946533
660000,200,1.5344181818181817,11.808491945266724
660000,200,1.5283636363636364,11.566327333450317
660000,200,1.5207409090909092,11.629491090774536
660000,200,1.5248318181818181,11.48521089553833
660000,200,1.5382363636363636,11.593755006790161
660000,200,1.5244363636363638,11.489440202713013
660000,200,1.5198136363636363,11.561234951019287
660000,200,1.5284863636363637,11.828749895095825
660000,200,1.5320590909090908,11.783603429794312
660000,200,1.5276545454545454,11.830223321914673
660000,200,1.5249136363636364,11.55863618850708
660000,200,1.524,11.908984422683716
670000,200,1.5318268656716418,11.92644739151001
670000,200,1.5247746268656717,12.111591100692749
670000,200,1.5232029850746267,11.566883087158203
670000,200,1.5286432835820896,11.48509669303894
670000,200,1.524989552238806,11.627208232879639
670000,200,1.5263328358208954,12.02461576461792
670000,200,1.528737313432836,11.882230520248413
670000,200,1.516244776119403,11.733378410339355
670000,200,1.5256746268656716,12.512836694717407
670000,200,1.5168358208955224,11.69346809387207
670000,200,1.525782089552239,11.909565448760986
670000,200,1.5239283582089551,12.048962831497192
670000,200,1.5260641791044776,12.004643201828003
670000,200,1.5218731343283582,11.781442165374756
670000,200,1.5216179104477612,11.768072128295898
670000,200,1.5213089552238805,11.5643789768219
670000,200,1.5267358208955226,11.118035554885864
670000,200,1.524331343283582,11.394928455352783
670000,200,1.52175223880597,11.251245737075806
670000,200,1.5275955223880597,11.56863522529602
680000,200,1.521675,11.465849876403809
680000,200,1.5299338235294118,11.886440753936768
680000,200,1.5269029411764707,11.345328330993652
680000,200,1.5299073529411764,11.493052244186401
680000,200,1.5210529411764706,11.595999240875244
680000,200,1.5320911764705882,11.31732964515686
680000,200,1.5266514705882352,11.390516519546509
680000,200,1.5248779411764706,11.518293380737305
680000,200,1.5249838235294118,11.502393245697021
680000,200,1.5165529411764704,11.486735343933105
680000,200,1.5295764705882353,11.474922895431519
680000,200,1.5212382352941178,11.33066463470459
680000,200,1.5258176470588236,11.516711235046387
680000,200,1.5219132352941176,11.55509614944458
680000,200,1.5293117647058823,11.62697148323059
680000,200,1.5231308823529413,11.406429529190063
680000,200,1.5264397058823531,11.396343231201172
680000,200,1.5268764705882354,11.461220979690552
680000,200,1.5355985294117647,11.518136501312256
680000,200,1.5318529411764705,11.501947402954102
690000,200,1.5298565217391304,11.614262104034424
690000,200,1.5223565217391304,11.579092502593994
690000,200,1.523086956521739,11.613556861877441
690000,200,1.5288,11.671424150466919
690000,200,1.5249,11.800351619720459
690000,200,1.5183391304347826,11.531318664550781
690000,200,1.5185608695652175,11.62558913230896
690000,200,1.526491304347826,11.828162670135498
690000,200,1.5244173913043477,11.534728765487671
690000,200,1.5249652173913044,11.845057487487793
690000,200,1.5294260869565217,11.700942993164062
690000,200,1.529791304347826,12.718174695968628
690000,200,1.5298304347826086,11.85698127746582
690000,200,1.5281347826086957,12.27050518989563
690000,200,1.5238956521739129,11.6177818775177
690000,200,1.5187304347826087,11.67952847480774
690000,200,1.5252,11.704546689987183
690000,200,1.5252782608695652,11.688475131988525
690000,200,1.532504347826087,11.476782321929932
690000,200,1.5253434782608697,11.514362335205078
700000,200,1.5302571428571428,11.954913854598999
700000,200,1.519727142857143,11.721898317337036
700000,200,1.5317999999999998,11.862181186676025
700000,200,1.5313371428571427,11.909227848052979
700000,200,1.5267985714285714,11.736096620559692
700000,200,1.51911,11.798464298248291
700000,200,1.5210385714285715,12.081391334533691
700000,200,1.522452857142857,11.799785375595093
700000,200,1.5261685714285713,11.754135370254517
700000,200,1.5171299999999999,11.801321744918823
700000,200,1.5266314285714286,11.76656460762024
700000,200,1.5283414285714287,11.708423137664795
700000,200,1.5226585714285714,11.783348321914673
700000,200,1.5264,11.99401307106018
700000,200,1.5188785714285715,11.591785907745361
700000,200,1.5342942857142856,11.89171838760376
700000,200,1.53288,11.672987937927246
700000,200,1.5332271428571427,11.770540237426758
700000,200,1.5263099999999998,11.814338445663452
700000,200,1.5302185714285714,11.995323896408081
710000,200,1.5155619718309858,11.776784658432007
710000,200,1.5276169014084506,11.628762483596802
710000,200,1.5240169014084508,11.936761140823364
710000,200,1.5189591549295776,11.781832933425903
710000,200,1.5274647887323942,11.735224485397339
710000,200,1.5253605633802816,12.122742176055908
710000,200,1.528694366197183,12.188883304595947
710000,200,1.5234211267605633,11.973851203918457
710000,200,1.520619718309859,11.750754594802856
710000,200,1.5230915492957746,11.737632989883423
710000,200,1.5257281690140845,12.096322536468506
710000,200,1.5216338028169014,11.766764163970947
710000,200,1.521114084507042,12.01727819442749
710000,200,1.5289605633802816,11.908399820327759
710000,200,1.5256521126760565,11.876690149307251
710000,200,1.5171464788732394,11.831992149353027
710000,200,1.5382647887323944,12.02949047088623
710000,200,1.5315464788732394,12.060058116912842
710000,200,1.5302154929577463,11.954685688018799
710000,200,1.5328774647887324,11.9530508518219
720000,200,1.528,12.056025981903076
720000,200,1.52725,12.521960735321045
720000,200,1.5275875,12.06007432937622
720000,200,1.5256625,12.392200469970703
720000,200,1.5271000000000001,12.14132809638977
720000,200,1.5224875,12.349825859069824
720000,200,1.527825,12.313472986221313
720000,200,1.528925,12.42445969581604
720000,200,1.5238,12.329916715621948
720000,200,1.5212875,12.203500747680664
720000,200,1.528425,12.826359033584595
720000,200,1.5244125,12.426807403564453
720000,200,1.5280999999999998,12.23526930809021
720000,200,1.5248875000000002,12.136329174041748
720000,200,1.5241375,12.239619016647339
720000,200,1.528025,12.260325908660889
720000,200,1.5202625,11.97177004814148
720000,200,1.5304,12.132915258407593
720000,200,1.523625,12.176080703735352
720000,200,1.5177,12.078895568847656
730000,200,1.5284712328767123,12.25892186164856
730000,200,1.5271397260273973,12.128706216812134
730000,200,1.524045205479452,12.254232406616211
730000,200,1.524858904109589,12.406752347946167
730000,200,1.5273616438356163,12.448230266571045
730000,200,1.5271397260273973,12.189722537994385
730000,200,1.5288287671232876,12.189164161682129
730000,200,1.5315534246575344,12.290936946868896
730000,200,1.5299383561643836,12.413106203079224
730000,200,1.5171780821917809,12.14490556716919
730000,200,1.533082191780822,12.377411842346191
730000,200,1.5229109589041094,12.18158769607544
730000,200,1.5233054794520549,12.35642123222351
730000,200,1.5268931506849315,12.236411571502686
730000,200,1.532958904109589,12.470845699310303
730000,200,1.5272753424657535,12.297779560089111
730000,200,1.5162287671232877,12.246958017349243
730000,200,1.5206054794520547,12.329247951507568
730000,200,1.5252287671232876,12.359354257583618
730000,200,1.5281260273972603,12.048371315002441
740000,200,1.5216324324324324,12.506425619125366
740000,200,1.51785,12.48827600479126
740000,200,1.520708108108108,12.39152717590332
740000,200,1.5243324324324323,12.536542177200317
740000,200,1.5275189189189189,12.342803955078125
740000,200,1.5300486486486486,12.500040769577026
740000,200,1.5290027027027027,12.694661378860474
740000,200,1.5323472972972974,12.59835934638977
740000,200,1.5219364864864864,12.498759746551514
740000,200,1.5204527027027026,12.547236442565918
740000,200,1.5258405405405406,13.308672189712524
740000,200,1.5311310810810812,12.490486145019531
740000,200,1.519285135135135,12.341275215148926
740000,200,1.5263027027027027,12.517295122146606
740000,200,1.5291121621621622,12.598345041275024
740000,200,1.5244905405405405,12.300471067428589
740000,200,1.5241135135135135,12.692238330841064
740000,200,1.5284067567567567,12.535575866699219
740000,200,1.5263635135135136,12.547468423843384
740000,200,1.526910810810811,12.738764762878418
750000,200,1.534176,12.68955111503601
750000,200,1.531068,12.69084906578064
750000,200,1.5252,12.81429147720337
750000,200,1.525188,12.613284349441528
750000,200,1.530264,12.92268180847168
750000,200,1.5255,12.86478877067566
750000,200,1.525116,12.785441398620605
750000,200,1.5300719999999999,12.579115629196167
750000,200,1.5250080000000001,12.767600059509277
750000,200,1.5331560000000002,12.8637113571167
750000,200,1.521612,12.658416986465454
750000,200,1.528404,13.008595943450928
750000,200,1.5291240000000001,12.595999479293823
750000,200,1.5226199999999999,12.612240076065063
750000,200,1.52982,12.755919933319092
750000,200,1.525488,12.614592552185059
750000,200,1.519764,12.639413356781006
750000,200,1.524744,12.470246076583862
750000,200,1.5259559999999999,12.566783905029297
750000,200,1.5268799999999998,12.643943786621094
760000,200,1.5251802631578948,12.799094915390015
760000,200,1.5360513157894737,12.987099170684814
760000,200,1.5237473684210525,12.722409009933472
760000,200,1.5199223684210525,12.631404638290405
760000,200,1.5201592105263158,12.828917503356934
760000,200,1.5272644736842105,12.832458019256592
760000,200,1.526553947368421,12.690502166748047
760000,200,1.5277263157894736,12.672653675079346
760000,200,1.5275013157894737,12.752311706542969
760000,200,1.5196026315789475,12.656582117080688
760000,200,1.522586842105263,12.907058000564575
760000,200,1.5305921052631577,13.004177570343018
760000,200,1.531207894736842,12.879047155380249
760000,200,1.5295381578947367,12.673380136489868
760000,200,1.5214618421052633,12.768897294998169
760000,200,1.5268263157894737,12.626659393310547
760000,200,1.5216513157894738,12.817434072494507
760000,200,1.5311013157894737,13.229443788528442
760000,200,1.5300473684210527,12.96830153465271
760000,200,1.5294197368421054,12.54541802406311
770000,200,1.5253480519480518,12.922147035598755
770000,200,1.5293220779220777,13.087948083877563
770000,200,1.5212688311688312,12.784291744232178
770000,200,1.5305961038961038,13.000911951065063
770000,200,1.5239103896103896,13.031982421875
770000,200,1.532957142857143,13.86774230003357
770000,200,1.5251142857142859,13.288540124893188
770000,200,1.5242025974025974,13.085754632949829
770000,200,1.528538961038961,13.048861265182495
770000,200,1.526587012987013,12.848037481307983
770000,200,1.531238961038961,13.095507621765137
770000,200,1.5217597402597403,12.988440752029419
770000,200,1.5194922077922077,12.849997520446777
770000,200,1.5206493506493506,13.173207998275757
770000,200,1.5272999999999999,12.909010648727417
770000,200,1.5269844155844157,13.503029584884644
770000,200,1.5294623376623377,12.834406614303589
770000,200,1.531612987012987,13.152198791503906
770000,200,1.532933766233766,13.196650981903076
770000,200,1.5274519480519482,12.908212661743164
780000,200,1.5314653846153845,13.252075910568237
780000,200,1.5281653846153846,13.109655380249023
780000,200,1.524542307692308,13.254987716674805
780000,200,1.524253846153846,13.456717252731323
780000,200,1.5283846153846155,13.298785924911499
780000,200,1.528973076923077,13.314297199249268
780000,200,1.5341423076923077,13.241598129272461
780000,200,1.528603846153846,13.270057201385498
780000,200,1.5251769230769232,13.39451551437378
780000,200,1.5294923076923077,13.111353397369385
780000,200,1.5286153846153845,13.125787019729614
780000,200,1.5242076923076924,13.14475417137146
780000,200,1.5350884615384617,13.03459095954895
780000,200,1.5303923076923076,13.04921555519104
780000,200,1.5316961538461538,13.095103025436401
780000,200,1.5261576923076923,13.141958951950073
780000,200,1.5257769230769231,13.115041732788086
780000,200,1.5277961538461537,13.002997398376465
780000,200,1.5268615384615385,13.058231353759766
780000,200,1.5201807692307694,13.272965669631958
790000,200,1.525579746835443,13.144648790359497
790000,200,1.5229025316455698,13.281639575958252
790000,200,1.5271974683544303,13.36216926574707
790000,200,1.5283481012658229,17.303085803985596
790000,200,1.5280177215189872,13.600474834442139
790000,200,1.526513924050633,13.409324884414673
790000,200,1.5231189873417723,13.363320112228394
790000,200,1.523973417721519,13.033394575119019
790000,200,1.5243949367088607,13.255844831466675
790000,200,1.5307518987341773,13.408275365829468
790000,200,1.5189835443037976,13.298665285110474
790000,200,1.5312759493670887,13.423095703125
790000,200,1.5296582278481012,13.34798526763916
790000,200,1.5219683544303797,13.349570035934448
790000,200,1.5254544303797468,13.484581470489502
790000,200,1.5276759493670886,13.551209926605225
790000,200,1.5225835443037974,13.318735599517822
790000,200,1.5228455696202532,13.486101388931274
790000,200,1.529453164556962,13.253892660140991
790000,200,1.5320848101265823,13.551234722137451
800000,200,1.5224625,13.379538774490356
800000,200,1.5305625,13.474389553070068
800000,200,1.5216862500000001,13.445504188537598
800000,200,1.52614125,13.643939733505249
800000,200,1.52847,13.595949649810791
800000,200,1.528155,13.659457206726074
800000,200,1.5224175,13.4850172996521
800000,200,1.5292350000000001,13.657663345336914
800000,200,1.525455,13.518551349639893
800000,200,1.52541,13.442321538925171
800000,200,1.53190125,13.520662307739258
800000,200,1.52575875,13.549838066101074
800000,200,1.5282225,13.283649921417236
800000,200,1.52870625,13.441608428955078
800000,200,1.52170875,13.533507347106934
800000,200,1.5281775,13.439712524414062
800000,200,1.522845,13.424598217010498
800000,200,1.528335,13.503579139709473
800000,200,1.5261974999999999,13.657130718231201
800000,200,1.5267262499999998,13.58809781074524
810000,200,1.5283777777777778,13.939325094223022
810000,200,1.5204666666666669,13.598238229751587
810000,200,1.5320666666666667,13.736015558242798
810000,200,1.5252,13.58451771736145
810000,200,1.5201888888888888,13.54951810836792
810000,200,1.5207444444444445,13.657461643218994
810000,200,1.523477777777778,13.807343482971191
810000,200,1.5295333333333334,14.065451622009277
810000,200,1.5288777777777778,13.705100536346436
810000,200,1.5319333333333334,13.68863844871521
810000,200,1.5254555555555556,13.612903594970703
810000,200,1.524688888888889,13.692081689834595
810000,200,1.5291333333333332,13.642918825149536
810000,200,1.5264777777777778,13.645909070968628
810000,200,1.5313555555555556,13.84463119506836
810000,200,1.5256111111111113,14.598544120788574
810000,200,1.5219111111111112,14.064862251281738
810000,200,1.5285,13.923850297927856
810000,200,1.5240777777777779,13.603896856307983
810000,200,1.5254777777777777,13.818840026855469
820000,200,1.5278158536585367,14.001781463623047
820000,200,1.5252475609756098,13.909663677215576
820000,200,1.5261036585365855,13.742172479629517
820000,200,1.5274317073170733,13.611928701400757
820000,200,1.5264439024390244,13.743502378463745
820000,200,1.523480487804878,13.961389780044556
820000,200,1.5282439024390244,14.13133692741394
820000,200,1.5303731707317072,14.09137749671936
820000,200,1.5307353658536584,14.017458438873291
820000,200,1.5291768292682928,13.83265733718872
820000,200,1.5240073170731707,13.871885299682617
820000,200,1.5256975609756096,13.806935787200928
820000,200,1.5215268292682926,13.701987028121948
820000,200,1.523129268292683,13.7064790725708
820000,200,1.5259719512195122,13.846325635910034
820000,200,1.5238756097560975,13.812030792236328
820000,200,1.5287926829268295,13.73897671699524
820000,200,1.5290780487804878,13.864240884780884
820000,200,1.523908536585366,13.672919988632202
820000,200,1.5252365853658536,13.881943225860596
830000,200,1.5233313253012049,13.785301208496094
830000,200,1.5272783132530119,14.034932851791382
830000,200,1.5248927710843374,14.005155801773071
830000,200,1.5295987951807228,13.938252687454224
830000,200,1.5326132530120482,14.469134092330933
830000,200,1.5262481927710843,14.041923999786377
830000,200,1.5297289156626506,13.929651737213135
830000,200,1.522398795180723,14.003257989883423
830000,200,1.5287963855421687,13.767322063446045
830000,200,1.527657831325301,14.194287300109863
830000,200,1.5195361445783133,14.710555791854858
830000,200,1.5229192771084339,14.11619520187378
830000,200,1.522843373493976,14.13615107536316
830000,200,1.5229951807228916,14.33088207244873
830000,200,1.5317132530120483,13.86344575881958
830000,200,1.5316156626506023,13.999130010604858
830000,200,1.5318433734939758,13.883535385131836
830000,200,1.5289698795180722,14.064645528793335
830000,200,1.5283951807228915,14.032563924789429
830000,200,1.5221277108433735,13.923799514770508
840000,200,1.5314999999999999,14.204113245010376
840000,200,1.524492857142857,14.128777742385864
840000,200,1.524492857142857,14.17637825012207
840000,200,1.526217857142857,14.09533977508545
840000,200,1.5322928571428571,14.238495588302612
840000,200,1.5256928571428572,14.331640720367432
840000,200,1.5363321428571428,14.098190069198608
840000,200,1.5295714285714288,14.297828197479248
840000,200,1.5204214285714284,14.205343008041382
840000,200,1.5261642857142856,14.393630743026733
840000,200,1.5314571428571429,14.22238278388977
840000,200,1.5204214285714284,14.206124067306519
840000,200,1.5306964285714286,13.892132759094238
840000,200,1.524557142857143,14.314525842666626
840000,200,1.5341142857142858,14.983842134475708
840000,200,1.5280821428571427,14.35478138923645
840000,200,1.5234642857142857,14.008183717727661
840000,200,1.5312857142857144,14.033008813858032
840000,200,1.531189285714286,14.344420671463013
840000,200,1.529057142857143,14.173560380935669
850000,200,1.5260823529411764,14.314802646636963
850000,200,1.5274164705882354,14.281638383865356
850000,200,1.5289305882352942,14.324117422103882
850000,200,1.5260399999999998,14.313316583633423
850000,200,1.5249494117647058,14.285048723220825
850000,200,1.5226623529411765,14.362129926681519
850000,200,1.5241658823529411,14.127920150756836
850000,200,1.5232976470588235,14.271684408187866
850000,200,1.5185858823529412,14.435124635696411
850000,200,1.5274164705882354,14.511507749557495
850000,200,1.528835294117647,14.315907716751099
850000,200,1.5319270588235294,14.127696514129639
850000,200,1.5263788235294116,14.854395627975464
850000,200,1.5304870588235295,14.409512519836426
850000,200,1.529629411764706,14.155829191207886
850000,200,1.5175905882352942,14.177119731903076
850000,200,1.5309529411764706,14.437680721282959
850000,200,1.5262200000000001,14.335310459136963
850000,200,1.522884705882353,14.298316955566406
850000,200,1.5268658823529413,14.753623485565186
860000,200,1.5278441860465115,15.05005931854248
860000,200,1.5242441860465115,14.668823957443237
860000,200,1.524139534883721,14.379753112792969
860000,200,1.5297697674418604,14.31504201889038
860000,200,1.5211779069767442,14.360220432281494
860000,200,1.5281267441860464,14.334818840026855
860000,200,1.5262116279069766,14.579971313476562
860000,200,1.5270279069767443,14.589324951171875
860000,200,1.5312034883720929,14.517168283462524
860000,200,1.525646511627907,14.538038492202759
860000,200,1.5219104651162791,14.350597381591797
860000,200,1.5263581395348838,14.532234907150269
860000,200,1.524893023255814,14.817915678024292
860000,200,1.5277081395348837,14.308440208435059
860000,200,1.5257093023255814,14.537916660308838
860000,200,1.5265569767441862,14.483623027801514
860000,200,1.5214813953488373,14.362309217453003
860000,200,1.5332441860465116,14.53961730003357
860000,200,1.5215860465116278,14.51465630531311
860000,200,1.5258767441860464,14.489642143249512
870000,200,1.5258103448275862,15.159249544143677
870000,200,1.5252827586206896,15.440436363220215
870000,200,1.5238655172413793,15.376059532165527
870000,200,1.5220241379310344,15.019399881362915
870000,200,1.5245586206896553,14.568442583084106
870000,200,1.5245172413793102,14.54870891571045
870000,200,1.5302586206896551,14.847827196121216
870000,200,1.5275793103448274,15.144229650497437
870000,200,1.5231724137931035,14.549933433532715
870000,200,1.522944827586207,14.706866025924683
870000,200,1.5275482758620689,14.802724599838257
870000,200,1.5206689655172414,14.423960447311401
870000,200,1.5233689655172413,14.769151449203491
870000,200,1.5234,15.206685543060303
870000,200,1.5301965517241378,14.564966678619385
870000,200,1.5231724137931035,14.690730810165405
870000,200,1.5252206896551725,14.689984560012817
870000,200,1.5288,14.520340204238892
870000,200,1.5285620689655173,14.64209532737732
870000,200,1.5267103448275863,14.740600109100342
880000,200,1.5365556818181818,15.032208442687988
880000,200,1.5241806818181818,14.798921585083008
880000,200,1.5240477272727273,15.067554712295532
880000,200,1.5334261363636363,14.607502222061157
880000,200,1.5343670454545455,14.804176568984985
880000,200,1.5247840909090908,15.048612833023071
880000,200,1.5262261363636362,14.737076759338379
880000,200,1.5234034090909092,14.774194717407227
880000,200,1.5415977272727273,14.878762006759644
880000,200,1.5263795454545455,14.831845045089722
880000,200,1.5265636363636363,14.862379312515259
880000,200,1.5272897727272727,14.815664529800415
880000,200,1.5232806818181817,14.900973558425903
880000,200,1.5343772727272726,14.860256671905518
880000,200,1.5311761363636363,14.908945322036743
880000,200,1.5303477272727273,14.55052399635315
880000,200,1.526594318181818,14.756752490997314
880000,200,1.5280363636363636,14.9566490650177
880000,200,1.5268806818181817,14.705475568771362
880000,200,1.5247840909090908,14.666421175003052
890000,200,1.5304550561797752,15.097234964370728
890000,200,1.526814606741573,15.340928316116333
890000,200,1.5275831460674159,14.862159490585327
890000,200,1.5345707865168539,14.879318714141846
890000,200,1.521111235955056,14.816846370697021
890000,200,1.5265921348314606,15.113442182540894
890000,200,1.5353595505617978,14.985073804855347
890000,200,1.5249337078651686,15.031497478485107
890000,200,1.5271382022471909,15.67813777923584
890000,200,1.5285842696629213,15.786450624465942
890000,200,1.5260359550561797,15.425516128540039
890000,200,1.5253280898876405,15.720731019973755
890000,200,1.527856179775281,15.56536054611206
890000,200,1.5296157303370785,16.844585418701172
890000,200,1.525843820224719,16.619925022125244
890000,200,1.5246707865168538,15.131165504455566
890000,200,1.5283516853932584,15.239462852478027
890000,200,1.5268651685393257,15.20496654510498
890000,200,1.5263595505617977,14.832619428634644
890000,200,1.526814606741573,14.964230060577393
900000,200,1.5189599999999999,15.785358667373657
900000,200,1.5258800000000001,15.299363851547241
900000,200,1.52629,15.279595136642456
900000,200,1.5214699999999999,15.341096878051758
900000,200,1.53039,15.182444334030151
900000,200,1.53017,15.188788175582886
900000,200,1.5300799999999999,15.222960472106934
900000,200,1.53339,15.360801935195923
900000,200,1.5253999999999999,15.145908832550049
900000,200,1.53337,15.26880431175232
900000,200,1.5207799999999998,15.179823637008667
900000,200,1.5274800000000002,15.208986520767212
900000,200,1.52884,15.380921363830566
900000,200,1.53018,15.112220287322998
900000,200,1.52732,15.29918909072876
900000,200,1.5211599999999998,15.237679481506348
900000,200,1.5231700000000001,15.050062417984009
900000,200,1.52855,15.301007270812988
900000,200,1.52831,15.378016471862793
900000,200,1.52465,15.378774642944336
910000,200,1.530375824175824,15.179193019866943
910000,200,1.5156692307692308,15.236032009124756
910000,200,1.5275472527472527,15.639587879180908
910000,200,1.5316120879120878,15.332102298736572
910000,200,1.5270230769230768,15.552330493927002
910000,200,1.521454945054945,15.39994215965271
910000,200,1.531621978021978,15.419949531555176
910000,200,1.5275373626373627,15.37461519241333
910000,200,1.5231758241758242,15.345802545547485
910000,200,1.5283582417582418,15.269179105758667
910000,200,1.5244714285714285,15.55589246749878
910000,200,1.5316714285714284,16.188127756118774
910000,200,1.526498901098901,19.139167308807373
910000,200,1.5362505494505494,17.126327753067017
910000,200,1.5252428571428571,15.940493822097778
910000,200,1.5235813186813187,16.288630723953247
910000,200,1.519734065934066,15.958288431167603
910000,200,1.5231956043956043,16.379785776138306
910000,200,1.5271615384615385,16.1331045627594
910000,200,1.5327989010989012,16.03601884841919
920000,200,1.5245119565217393,16.40956950187683
920000,200,1.5255195652173914,16.17613935470581
920000,200,1.5311347826086956,15.573634147644043
920000,200,1.5316923913043476,15.306452512741089
920000,200,1.5241500000000001,15.578448057174683
920000,200,1.5327978260869566,15.753634929656982
920000,200,1.527583695652174,15.270787715911865
920000,200,1.5268010869565216,15.571237325668335
920000,200,1.524238043478261,15.670613050460815
920000,200,1.5265173913043477,15.959287166595459
920000,200,1.529579347826087,15.31395936012268
920000,200,1.5266445652173912,15.628653049468994
920000,200,1.5181532608695654,15.581249952316284
920000,200,1.5259597826086957,15.425962686538696
920000,200,1.5254119565217392,15.605885028839111
920000,200,1.5223597826086956,15.453549861907959
920000,200,1.5275054347826087,15.549579381942749
920000,200,1.5281608695652174,15.515575647354126
920000,200,1.5267423913043479,15.560002088546753
920000,200,1.5288945652173913,15.552207231521606
930000,200,1.5273387096774194,15.464289665222168
930000,200,1.5302032258064515,15.711219787597656
930000,200,1.5314129032258064,15.527887105941772
930000,200,1.5265064516129034,15.814624309539795
930000,200,1.5202935483870967,15.764789819717407
930000,200,1.5272903225806451,15.739422798156738
930000,200,1.5275129032258066,15.615301370620728
930000,200,1.5219096774193548,15.87696361541748
930000,200,1.522925806451613,15.605311393737793
930000,200,1.5223161290322582,15.837941646575928
930000,200,1.5229451612903226,15.814513683319092
930000,200,1.5248709677419356,15.75223708152771
930000,200,1.5257612903225806,15.595534324645996
930000,200,1.526158064516129,15.58067011833191
930000,200,1.526467741935484,15.535085916519165
930000,200,1.5233709677419354,15.740970373153687
930000,200,1.5285483870967742,15.643137693405151
930000,200,1.5224709677419357,16.474653959274292
930000,200,1.5294677419354838,16.144227266311646
930000,200,1.5239322580645163,16.006593465805054
940000,200,1.5264287234042553,16.05326533317566
940000,200,1.5260648936170214,15.986677169799805
940000,200,1.5238340425531915,15.880505323410034
940000,200,1.5235468085106383,15.862616300582886
940000,200,1.525136170212766,15.705183506011963
940000,200,1.526926595744681,15.983798742294312
940000,200,1.5296744680851064,15.929198026657104
940000,200,1.5242840425531916,16.170448303222656
940000,200,1.531062765957447,16.09750485420227
940000,200,1.5355914893617022,16.06538677215576
940000,200,1.5260648936170214,16.003172636032104
940000,200,1.5280468085106382,15.784915447235107
940000,200,1.5204159574468086,15.86410665512085
940000,200,1.5359074468085105,16.005056619644165
940000,200,1.521651063829787,15.841337442398071
940000,200,1.5227617021276594,15.766216039657593
940000,200,1.5242265957446808,15.89548134803772
940000,200,1.5228670212765958,15.577446937561035
940000,200,1.5294159574468087,15.991300821304321
940000,200,1.5257585106382978,15.988244771957397
950000,200,1.5187357894736842,16.067628145217896
950000,200,1.5208863157894736,15.830829381942749
950000,200,1.5246473684210526,16.003759384155273
950000,200,1.527101052631579,16.066814422607422
950000,200,1.5311273684210525,16.065693616867065
950000,200,1.5252252631578949,16.09651780128479
950000,200,1.522743157894737,15.955098390579224
950000,200,1.5282284210526316,15.862812280654907
950000,200,1.5207063157894738,16.629745721817017
950000,200,1.5297536842105264,16.126389265060425
950000,200,1.528076842105263,16.149916410446167
950000,200,1.5259073684210525,15.86576509475708
950000,200,1.5248368421052632,16.019213676452637
950000,200,1.5215778947368421,15.835058450698853
950000,200,1.5231221052631578,16.003663539886475
950000,200,1.531477894736842,16.05036473274231
950000,200,1.5292042105263157,15.689942359924316
950000,200,1.533097894736842,15.858545303344727
950000,200,1.5281810526315789,16.124128341674805
950000,200,1.5240126315789473,16.020164251327515
960000,200,1.525303125,16.376338243484497
960000,200,1.52848125,16.20564031600952
960000,200,1.521815625,16.129780292510986
960000,200,1.528434375,16.22224521636963
960000,200,1.524628125,16.374680757522583
960000,200,1.523821875,16.34246253967285
960000,200,1.527684375,16.110438108444214
960000,200,1.529353125,16.144075632095337
960000,200,1.5242437500000001,16.02064871788025
960000,200,1.526578125,16.28420090675354
960000,200,1.5257156250000001,16.287469148635864
960000,200,1.525809375,16.081945657730103
960000,200,1.52113125,16.08053421974182
960000,200,1.5265312500000001,16.253219842910767
960000,200,1.52255625,16.26590895652771
960000,200,1.528340625,16.257360458374023
960000,200,1.529259375,16.26906704902649
960000,200,1.5301031250000001,16.363824129104614
960000,200,1.526934375,16.035510778427124
960000,200,1.52835,16.033291339874268
970000,200,1.525101030927835,16.378182411193848
970000,200,1.5271051546391754,16.190149545669556
970000,200,1.5182257731958761,16.22461485862732
970000,200,1.524340206185567,16.289592027664185
970000,200,1.5258525773195877,16.316068410873413
970000,200,1.5273092783505156,16.590779781341553
970000,200,1.5229577319587628,16.329185009002686
970000,200,1.527940206185567,16.4747953414917
970000,200,1.529359793814433,16.386562824249268
970000,200,1.5294804123711339,16.3707594871521
970000,200,1.524238144329897,16.721163272857666
970000,200,1.523059793814433,16.768422603607178
970000,200,1.5283577319587627,16.892056703567505
970000,200,1.5243865979381443,16.325183153152466
970000,200,1.5303525773195876,16.48664355278015
970000,200,1.5257969072164947,16.078498125076294
970000,200,1.5233752577319586,16.364039421081543
970000,200,1.5255835051546391,16.4419903755188
970000,200,1.5310948453608249,16.395670413970947
970000,200,1.5247577319587629,16.19710063934326
980000,200,1.5200724489795918,16.394100666046143
980000,200,1.5239204081632651,16.806198120117188
980000,200,1.5227173469387754,16.690793752670288
980000,200,1.5258030612244897,16.1756374835968
980000,200,1.5217714285714286,16.235793113708496
980000,200,1.5275663265306123,16.4228572845459
980000,200,1.5232132653061223,16.347361087799072
980000,200,1.5337561224489795,16.911919593811035
980000,200,1.5254081632653063,16.611398220062256
980000,200,1.5244897959183674,16.516533374786377
980000,200,1.529687755102041,16.583122730255127
980000,200,1.5284663265306122,16.504120349884033
980000,200,1.5265010204081633,16.486786603927612
980000,200,1.5255734693877552,16.461913347244263
980000,200,1.5227265306122448,16.764073371887207
980000,200,1.5276673469387756,16.562622785568237
980000,200,1.5219918367346938,16.397437572479248
980000,200,1.521881632653061,16.50759267807007
980000,200,1.5252061224489797,16.347097396850586
980000,200,1.5230663265306124,16.37358832359314
990000,200,1.5242818181818183,16.578155279159546
990000,200,1.5249272727272727,16.801002025604248
990000,200,1.5178,16.573176860809326
990000,200,1.5272181818181818,16.703208923339844
990000,200,1.5228181818181818,16.667545795440674
990000,200,1.523709090909091,16.853580951690674
990000,200,1.5202272727272725,16.57038140296936
990000,200,1.524690909090909,16.611932516098022
990000,200,1.5314636363636365,16.767093181610107
990000,200,1.529109090909091,16.55282211303711
990000,200,1.5274272727272726,17.54723596572876
990000,200,1.5298,17.787755489349365
990000,200,1.5238818181818181,17.022757291793823
990000,200,1.5239636363636364,16.762575149536133
990000,200,1.5308636363636365,16.821266174316406
990000,200,1.523390909090909,16.502548933029175
990000,200,1.5248727272727274,16.566817045211792
990000,200,1.5249,16.911258220672607
990000,200,1.5270181818181818,16.91795039176941
990000,200,1.5267363636363636,16.658339023590088
1000000,200,1.524627,16.69993543624878
1000000,200,1.518327,16.801478385925293
1000000,200,1.5253109999999999,16.691137075424194
1000000,200,1.5212610000000002,16.72135591506958
1000000,200,1.525995,16.81460738182068
1000000,200,1.5217829999999999,16.88432788848877
1000000,200,1.524591,16.72278666496277
1000000,200,1.526094,16.90975785255432
1000000,200,1.527363,16.738683938980103
1000000,200,1.5262380000000002,16.900285243988037
1000000,200,1.527732,16.843409538269043
1000000,200,1.51983,16.910943746566772
1000000,200,1.5290279999999998,16.859854221343994
1000000,200,1.523898,16.822282791137695
1000000,200,1.522935,16.98713707923889
1000000,200,1.524843,16.687217473983765
1000000,200,1.5267959999999998,16.582768440246582
1000000,200,1.5279660000000002,17.001631498336792
1000000,200,1.526202,16.996106386184692
1000000,200,1.52451,16.64423108100891
1010000,200,1.5204386138613861,16.976932048797607
1010000,200,1.524448514851485,16.875949144363403
1010000,200,1.5275316831683168,16.988243103027344
1010000,200,1.5273980198019803,17.86885404586792
1010000,200,1.5293940594059405,17.215250492095947
1010000,200,1.5298841584158416,17.128596544265747
1010000,200,1.5235039603960396,17.29883074760437
1010000,200,1.5225326732673266,17.239877462387085
1010000,200,1.531880198019802,17.158784866333008
1010000,200,1.5296257425742574,17.37511658668518
1010000,200,1.525517821782178,17.115568161010742
1010000,200,1.5321564356435642,17.2042555809021
1010000,200,1.526239603960396,16.770976066589355
1010000,200,1.5285207920792079,17.37533688545227
1010000,200,1.5237980198019803,17.21292519569397
1010000,200,1.5257673267326735,16.864643096923828
1010000,200,1.5239851485148517,16.898420572280884
1010000,200,1.5308287128712872,17.035692930221558
1010000,200,1.5270772277227722,16.9238018989563
1010000,200,1.5290821782178217,17.25034785270691
1020000,200,1.5242735294117646,17.257129669189453
1020000,200,1.5284382352941177,17.159512758255005
1020000,200,1.5229323529411765,17.01591157913208
1020000,200,1.5271852941176471,17.161079168319702
1020000,200,1.5278735294117647,17.77762198448181
1020000,200,1.5320029411764706,18.051113843917847
1020000,200,1.5280235294117648,18.065004587173462
1020000,200,1.5227382352941177,18.049678087234497
1020000,200,1.526514705882353,18.052478790283203
1020000,200,1.5221911764705884,17.895107746124268
1020000,200,1.522464705882353,17.893007278442383
1020000,200,1.526814705882353,17.883514642715454
1020000,200,1.5238235294117648,22.18226432800293
1020000,200,1.5266205882352941,18.03259587287903
1020000,200,1.5303176470588236,18.003849029541016
1020000,200,1.5205588235294119,18.334043502807617
1020000,200,1.523585294117647,18.021742582321167
1020000,200,1.5264705882352942,18.44350504875183
1020000,200,1.5293117647058823,18.204996824264526
1020000,200,1.5244411764705883,17.070359468460083
1030000,200,1.532114563106796,17.47221064567566
1030000,200,1.5177233009708737,17.456856966018677
1030000,200,1.523009708737864,17.524808168411255
1030000,200,1.5241718446601942,17.410058736801147
1030000,200,1.5278766990291264,17.484861612319946
1030000,200,1.5341155339805825,17.471673250198364
1030000,200,1.5222844660194175,17.35402774810791
1030000,200,1.5290213592233008,17.41785717010498
1030000,200,1.5301485436893203,17.28749918937683
1030000,200,1.533573786407767,17.512014627456665
1030000,200,1.5276320388349514,17.737504243850708
1030000,200,1.5223106796116503,17.159902811050415
1030000,200,1.5295543689320388,17.28671145439148
1030000,200,1.5275533980582523,17.347552061080933
1030000,200,1.5259281553398059,17.56785488128662
1030000,200,1.5244601941747573,17.75795578956604
1030000,200,1.5277106796116506,18.504008293151855
1030000,200,1.528916504854369,18.14323353767395
1030000,200,1.5226339805825244,17.90066170692444
1030000,200,1.5272388349514563,18.52069401741028
1040000,200,1.5245740384615385,18.53417205810547
1040000,200,1.5260278846153845,18.29736590385437
1040000,200,1.5224884615384615,18.675554513931274
1040000,200,1.529325,18.549889087677002
1040000,200,1.5252230769230768,18.252849578857422
1040000,200,1.525543269230769,18.911498546600342
1040000,200,1.5317740384615384,17.9122257232666
1040000,200,1.525785576923077,17.332848072052002
1040000,200,1.5254653846153847,17.45309281349182
1040000,200,1.5277500000000002,17.456928730010986
1040000,200,1.5169759615384615,17.4089777469635
1040000,200,1.5249548076923078,18.088510274887085
1040000,200,1.5227826923076924,17.91923975944519
1040000,200,1.5282,17.533039331436157
1040000,200,1.5274644230769232,17.853057622909546
1040000,200,1.5235615384615386,17.641685247421265
1040000,200,1.5250846153846154,17.94084644317627
1040000,200,1.5299913461538461,17.53394889831543
1040000,200,1.5297403846153848,17.452236652374268
1040000,200,1.5269278846153844,17.56612253189087
1050000,200,1.5270685714285714,18.517452478408813
1050000,200,1.5244885714285714,17.855215549468994
1050000,200,1.5253542857142859,18.087045907974243
1050000,200,1.5269828571428572,17.52666974067688
1050000,200,1.5281571428571428,18.027743816375732
1050000,200,1.5251914285714285,17.73864221572876
1050000,200,1.5162085714285716,17.98836922645569
1050000,200,1.53396,18.03494906425476
1050000,200,1.5250457142857141,17.957330226898193
1050000,200,1.5244714285714285,18.033917903900146
1050000,200,1.5276085714285714,17.44744086265564
1050000,200,1.5270342857142856,17.678279161453247
1050000,200,1.5275571428571428,17.89530086517334
1050000,200,1.5287142857142857,17.72423005104065
1050000,200,1.5214885714285713,17.943314790725708
1050000,200,1.5280885714285715,17.611355304718018
1050000,200,1.5219085714285714,17.679654121398926
1050000,200,1.5295285714285713,17.612462520599365
1050000,200,1.5286114285714287,17.53473138809204
1050000,200,1.52658,19.29147744178772
1060000,200,1.5322160377358491,17.99530601501465
1060000,200,1.5240735849056604,17.983254194259644
1060000,200,1.5264594339622641,17.8826847076416
1060000,200,1.5241754716981133,18.007951974868774
1060000,200,1.5306028301886792,18.083224296569824
1060000,200,1.5239462264150945,18.080424308776855
1060000,200,1.5223584905660377,18.066582202911377
1060000,200,1.5208471698113206,17.957992792129517
1060000,200,1.5270283018867923,17.838163137435913
